#####################################################################
# Alchemist log file - simulation started at: 2021-05-01T15:53+0000 #
#####################################################################
# random = 0.0, xStep = 0.0055, yStep = 0.0055
#
# The columns have the following meaning: 
# time nodes[Max] S1Distance[Max] S2Distance[Max] S3Distance[Max] 
0.0 0.0 0.0 0.0 0.0 
10.000405536260626 1659.0 0.0 2400.9700520760243 0.0 
20.000405536260626 1659.0 0.0 2351.831343233363 0.0 
30.000405536260626 1659.0 0.0 2302.7268136715784 0.0 
40.00040553626063 1659.0 0.0 2253.658687210003 0.0 
50.00040553626063 1659.0 0.0 2204.6293839155874 0.0 
60.00040553626063 1659.0 0.0 2155.7654569369643 0.0 
70.00040553626063 1659.0 0.0 2106.884478753448 0.0 
80.00040553626063 1659.0 0.0 2058.05140160942 0.0 
90.00040553626063 1659.0 0.0 2009.269706482141 0.0 
100.00040553626063 1659.0 0.0 1960.5468162614122 0.0 
110.00040553626063 1659.0 0.0 1911.8175125744679 0.0 
120.00040553626063 1659.0 0.0 1863.2150564203134 0.0 
130.00040553626064 1659.0 0.0 1814.6243552173614 0.0 
140.00040553626064 1659.0 0.0 1766.1029648425679 0.0 
150.00040553626064 1659.0 0.0 1717.670128880893 0.0 
160.00040553626064 1659.0 0.0 1669.4467349348029 0.0 
170.00040553626064 1659.0 0.0 1621.191101604225 0.0 
180.00040553626064 1659.0 0.0 1616.5275586516857 0.0 
190.00040553626064 1659.0 0.0 1567.6857902396368 0.0 
200.00040553626064 1659.0 0.0 1518.9147095350054 0.0 
210.00040553626064 1659.0 0.0 1470.2285056197068 0.0 
220.00040553626064 1659.0 0.0 1421.5623997515008 0.0 
230.00040553626064 1659.0 0.0 1373.0475528260622 0.0 
240.00040553626064 1659.0 0.0 1324.6415377788096 0.0 
250.00040553626064 1659.0 0.0 1314.5150426911027 0.0 
260.00040553626064 1659.0 0.0 1265.8081847538538 0.0 
270.00040553626064 1659.0 0.0 1217.204469157876 0.0 
280.00040553626064 1659.0 0.0 1168.7167442578013 0.0 
290.00040553626064 1659.0 0.0 1120.3600491375823 0.0 
300.00040553626064 1659.0 0.0 1072.216771736437 0.0 
310.00040553626064 1659.0 0.0 1024.2441550105686 0.0 
320.00040553626064 1659.0 0.0 976.6692932714416 0.0 
330.00040553626064 1659.0 0.0 929.3942137049161 0.0 
340.00040553626064 1659.0 0.0 882.2718661274653 0.0 
350.00040553626064 1659.0 0.0 835.4601450362015 0.0 
360.00040553626064 1659.0 0.0 788.9846824212749 0.0 
370.00040553626064 1659.0 0.0 742.8567289377706 0.0 
380.00040553626064 1659.0 0.0 716.2741771604515 0.0 
390.00040553626064 1659.0 0.0 715.1465140085193 0.0 
400.00040553626064 1659.0 0.0 714.0316330258837 0.0 
410.00040553626064 1659.0 0.0 712.89182261227 0.0 
420.00040553626064 1659.0 0.0 711.7658212906808 0.0 
430.00040553626064 1659.0 0.0 711.3935675603182 0.0 
440.00040553626064 1659.0 0.0 663.5269904833726 0.0 
450.00040553626064 1659.0 0.0 620.2776706733237 0.0 
460.00040553626064 1659.0 0.0 570.4161338835715 0.0 
470.00040553626064 1659.0 0.0 520.5547152639123 0.0 
480.00040553626064 1659.0 0.0 470.6934150709582 0.0 
490.00040553626064 1659.0 0.0 420.8322336835752 0.0 
500.00040553626064 1659.0 0.0 370.9003340030181 0.0 
510.00040553626064 1659.0 0.0 321.0393846997657 0.0 
520.0004055362606 1659.0 0.0 271.20705764949275 0.0 
530.0004055362606 1659.0 0.0 221.42258881355266 0.0 
540.0004055362606 1659.0 0.0 171.727490470661 0.0 
550.0004055362606 1659.0 0.0 122.30339739445277 0.0 
560.0004055362606 1659.0 0.0 73.40820245349722 0.0 
570.0004055362606 1659.0 0.0 55.35891284621388 0.0 
580.0004055362606 1659.0 0.0 37.178434990893244 0.0 
590.0004055362606 1658.0 0.0 0.0 0.0 
600.0004055362606 1658.0 0.0 0.0 0.0 
610.0004055362606 1658.0 0.0 0.0 0.0 
620.0004055362606 1658.0 0.0 0.0 0.0 
630.0004055362606 1658.0 0.0 0.0 0.0 
640.0004055362606 1658.0 0.0 0.0 0.0 
650.0004055362606 1658.0 0.0 0.0 0.0 
660.0004055362606 1658.0 0.0 0.0 0.0 
670.0004055362606 1658.0 0.0 0.0 0.0 
680.0004055362606 1658.0 0.0 0.0 0.0 
690.0004055362606 1658.0 0.0 0.0 0.0 
700.0004055362606 1658.0 0.0 0.0 0.0 
#####################################################################
# End of data export. Simulation finished at: 2021-05-01T17:36+0000 #
#####################################################################
