#####################################################################
# Alchemist log file - simulation started at: 2021-05-01T15:53+0000 #
#####################################################################
# random = 0.0, xStep = 0.0055, yStep = 0.0055
#
# The columns have the following meaning: 
# time nodes[Max] S1Distance[Max] S2Distance[Max] S3Distance[Max] 
0.0 0.0 0.0 0.0 0.0 
10.000405536260626 1663.0 2654.90290109982 2400.9700520760243 1435.4689675458208 
20.000405536260626 1663.0 2654.73360221064 2387.66887566331 1385.592738180822 
30.000405536260626 1663.0 2655.431136657139 2375.34274972448 1335.7282123913596 
40.00040553626063 1663.0 2657.067657182494 2363.9433664228773 1285.8299049044188 
50.00040553626063 1663.0 2659.641429796102 2355.7145287884778 1237.085369868569 
60.00040553626063 1663.0 2613.381610878398 2352.356288947759 1188.5511400540388 
70.00040553626063 1663.0 2567.441055586539 2350.1197745359927 1140.0998262455712 
80.00040553626063 1663.0 2521.6537283890802 2348.8774601140126 1091.84541333565 
90.00040553626063 1663.0 2476.0281201067864 2348.6959487619056 1043.7106555124751 
100.00040553626063 1663.0 2430.5733279246015 2349.643206984329 995.819265117919 
110.00040553626063 1663.0 2385.3730845579757 2351.5148634624184 956.7679269543075 
120.00040553626063 1663.0 2340.36395381122 2354.470639555624 915.0922503789822 
130.00040553626064 1663.0 2338.004667810314 2358.414496289228 896.1773201477549 
140.00040553626064 1663.0 2315.5896117783445 2360.863756667385 846.0359813372371 
150.00040553626064 1663.0 2277.487459844557 2370.832244841702 795.9434984753706 
160.00040553626064 1663.0 2272.04903270784 2381.7368791183085 745.8018710094349 
170.00040553626064 1663.0 2272.04903270784 2393.531601236518 696.4403917620159 
180.00040553626064 1663.0 2272.04903270784 2394.964803283159 647.1925441994421 
190.00040553626064 1663.0 2272.04903270784 2400.6537841767135 598.1262008063397 
200.00040553626064 1663.0 2272.04903270784 2407.367232772532 549.202310149263 
210.00040553626064 1663.0 2272.04903270784 2415.1689709197517 500.60070525910766 
220.00040553626064 1663.0 2272.04903270784 2424.144657734731 452.2685372714902 
230.00040553626064 1663.0 2272.04903270784 2434.0399732615692 448.0796237430786 
240.00040553626064 1663.0 2272.04903270784 2435.5253841222634 398.0374373566519 
250.00040553626064 1663.0 2272.04903270784 2458.1481463238315 376.6092351399038 
260.00040553626064 1663.0 2272.04903270784 2481.571425824172 326.5635958006358 
270.00040553626064 1663.0 2272.04903270784 2505.6991943554353 318.3135634066825 
280.00040553626064 1663.0 2272.04903270784 2525.3295850484615 317.8273667340821 
290.00040553626064 1663.0 2272.04903270784 2575.1215921737494 273.34601808278865 
300.00040553626064 1663.0 2272.04903270784 2625.122130658368 231.14812470306316 
310.00040553626064 1663.0 2272.04903270784 2629.641460594948 194.8957733915869 
320.00040553626064 1663.0 2272.04903270784 2679.305481898316 225.4485331686188 
330.00040553626064 1663.0 2272.04903270784 2728.9827846938665 194.8957733915869 
340.00040553626064 1663.0 2272.04903270784 2745.6860858142 144.77477651101222 
350.00040553626064 1663.0 2272.04903270784 2754.4067321564257 178.1630388801029 
360.00040553626064 1663.0 2272.04903270784 2744.0064735642145 217.9843049629481 
370.00040553626064 1663.0 2272.04903270784 2734.4800648556475 261.3140882896073 
380.00040553626064 1663.0 2272.04903270784 2734.010489937711 249.44526451147584 
390.00040553626064 1663.0 2272.04903270784 2755.880928881601 297.10645255707567 
400.00040553626064 1663.0 2272.04903270784 2731.973466475159 249.47478240045203 
410.00040553626064 1663.0 2272.04903270784 2695.123168067352 249.44526451147584 
420.00040553626064 1663.0 2272.04903270784 2669.777632732992 290.1590227362192 
430.00040553626064 1663.0 2272.04903270784 2645.2071975326653 249.44526451147584 
440.00040553626064 1663.0 2272.04903270784 2621.284339371305 297.4586399315353 
450.00040553626064 1663.0 2272.04903270784 2598.103086259516 249.44526451147584 
460.00040553626064 1663.0 2272.04903270784 2561.2676852040245 297.4586399315353 
470.00040553626064 1663.0 2272.04903270784 2524.885871314923 249.44526451147584 
480.00040553626064 1663.0 2272.04903270784 2488.9775452891854 297.4586399315353 
490.00040553626064 1663.0 2272.04903270784 2525.3295850484615 249.44526451147584 
500.00040553626064 1663.0 2272.04903270784 2562.7311712471765 199.4274056989499 
510.00040553626064 1663.0 2272.04903270784 2600.5552272839996 149.33823535686858 
520.0004055362606 1663.0 2272.04903270784 2637.1523663770745 99.32064199144494 
530.0004055362606 1663.0 2272.04903270784 2648.095712391283 147.9561575863405 
540.0004055362606 1663.0 2272.04903270784 2659.9336512991786 197.30356079412155 
550.0004055362606 1663.0 2270.8035901186163 2672.580194464958 246.84069235484037 
560.0004055362606 1663.0 2245.6536087583117 2681.348094335827 296.57365628683016 
570.0004055362606 1663.0 2221.269158815013 2656.694959394885 261.61053842104604 
580.0004055362606 1663.0 2261.4399962822613 2632.7610644115925 249.44526451147584 
590.0004055362606 1663.0 2236.098851149842 2609.5662047129854 297.4586399315353 
600.0004055362606 1663.0 2211.6712553642437 2587.1302633476325 249.44526451147584 
610.0004055362606 1663.0 2238.1005666379024 2550.6534026948843 297.4586399315353 
620.0004055362606 1663.0 2213.5487236181225 2514.716072203617 249.44526451147584 
630.0004055362606 1663.0 2239.108269240012 2479.2645995204484 297.4586399315353 
640.0004055362606 1663.0 2214.4138262363354 2525.3295850484615 249.44526451147584 
650.0004055362606 1663.0 2239.571914520656 2562.7311712471765 199.4274056989499 
660.0004055362606 1663.0 2214.8833743700025 2600.5552272839996 149.33823535686858 
670.0004055362606 1663.0 2239.8810347153553 2637.1523663770745 99.32064199144494 
680.0004055362606 1663.0 2215.1964286783773 2619.9088240710603 147.9561575863405 
690.0004055362606 1663.0 2240.0356018119364 2603.8755604649664 197.30356079412155 
700.0004055362606 1663.0 2215.279092061689 2589.5922241948447 246.84069235484037 
#####################################################################
# End of data export. Simulation finished at: 2021-05-01T18:56+0000 #
#####################################################################
