#####################################################################
# Alchemist log file - simulation started at: 2021-05-01T15:53+0000 #
#####################################################################
# random = 0.0, xStep = 0.0055, yStep = 0.0055
#
# The columns have the following meaning: 
# time nodes[Max] S1Distance[Max] S2Distance[Max] S3Distance[Max] 
0.0 0.0 0.0 0.0 0.0 
10.000405536260626 1659.0 0.0 0.0 1435.4689675458208 
20.000405536260626 1659.0 0.0 0.0 1385.592738180822 
30.000405536260626 1659.0 0.0 0.0 1335.7282123913596 
40.00040553626063 1659.0 0.0 0.0 1285.8299049044188 
50.00040553626063 1659.0 0.0 0.0 1237.085369868569 
60.00040553626063 1659.0 0.0 0.0 1188.5511400540388 
70.00040553626063 1659.0 0.0 0.0 1140.0998262455712 
80.00040553626063 1659.0 0.0 0.0 1091.84541333565 
90.00040553626063 1659.0 0.0 0.0 1043.7106555124751 
100.00040553626063 1659.0 0.0 0.0 995.819265117919 
110.00040553626063 1659.0 0.0 0.0 956.7679269543075 
120.00040553626063 1659.0 0.0 0.0 915.0922503789822 
130.00040553626064 1659.0 0.0 0.0 896.1773201477549 
140.00040553626064 1659.0 0.0 0.0 846.0359813372371 
150.00040553626064 1659.0 0.0 0.0 795.9434984753706 
160.00040553626064 1659.0 0.0 0.0 745.8018710094349 
170.00040553626064 1659.0 0.0 0.0 696.4403917620159 
180.00040553626064 1659.0 0.0 0.0 647.1925441994421 
190.00040553626064 1659.0 0.0 0.0 598.1262008063397 
200.00040553626064 1659.0 0.0 0.0 549.202310149263 
210.00040553626064 1659.0 0.0 0.0 500.60070525910766 
220.00040553626064 1659.0 0.0 0.0 452.2685372714902 
230.00040553626064 1659.0 0.0 0.0 448.0796237430786 
240.00040553626064 1659.0 0.0 0.0 398.0374373566519 
250.00040553626064 1659.0 0.0 0.0 376.6092351399038 
260.00040553626064 1659.0 0.0 0.0 326.5635958006358 
270.00040553626064 1659.0 0.0 0.0 276.4749220584085 
280.00040553626064 1659.0 0.0 0.0 226.42904065719486 
290.00040553626064 1659.0 0.0 0.0 176.38304077674005 
300.00040553626064 1659.0 0.0 0.0 126.33692446982808 
310.00040553626064 1659.0 0.0 0.0 76.20487434866911 
320.00040553626064 1659.0 0.0 0.0 26.158522727554775 
330.00040553626064 1658.0 0.0 0.0 0.0 
340.00040553626064 1658.0 0.0 0.0 0.0 
350.00040553626064 1658.0 0.0 0.0 0.0 
360.00040553626064 1658.0 0.0 0.0 0.0 
370.00040553626064 1658.0 0.0 0.0 0.0 
380.00040553626064 1658.0 0.0 0.0 0.0 
390.00040553626064 1658.0 0.0 0.0 0.0 
400.00040553626064 1658.0 0.0 0.0 0.0 
410.00040553626064 1658.0 0.0 0.0 0.0 
420.00040553626064 1658.0 0.0 0.0 0.0 
430.00040553626064 1658.0 0.0 0.0 0.0 
440.00040553626064 1658.0 0.0 0.0 0.0 
450.00040553626064 1658.0 0.0 0.0 0.0 
460.00040553626064 1658.0 0.0 0.0 0.0 
470.00040553626064 1658.0 0.0 0.0 0.0 
480.00040553626064 1658.0 0.0 0.0 0.0 
490.00040553626064 1658.0 0.0 0.0 0.0 
500.00040553626064 1658.0 0.0 0.0 0.0 
510.00040553626064 1658.0 0.0 0.0 0.0 
520.0004055362606 1658.0 0.0 0.0 0.0 
530.0004055362606 1658.0 0.0 0.0 0.0 
540.0004055362606 1658.0 0.0 0.0 0.0 
550.0004055362606 1658.0 0.0 0.0 0.0 
560.0004055362606 1658.0 0.0 0.0 0.0 
570.0004055362606 1658.0 0.0 0.0 0.0 
580.0004055362606 1658.0 0.0 0.0 0.0 
590.0004055362606 1658.0 0.0 0.0 0.0 
600.0004055362606 1658.0 0.0 0.0 0.0 
610.0004055362606 1658.0 0.0 0.0 0.0 
620.0004055362606 1658.0 0.0 0.0 0.0 
630.0004055362606 1658.0 0.0 0.0 0.0 
640.0004055362606 1658.0 0.0 0.0 0.0 
650.0004055362606 1658.0 0.0 0.0 0.0 
660.0004055362606 1658.0 0.0 0.0 0.0 
670.0004055362606 1658.0 0.0 0.0 0.0 
680.0004055362606 1658.0 0.0 0.0 0.0 
690.0004055362606 1658.0 0.0 0.0 0.0 
700.0004055362606 1658.0 0.0 0.0 0.0 
#####################################################################
# End of data export. Simulation finished at: 2021-05-01T17:33+0000 #
#####################################################################
