#####################################################################
# Alchemist log file - simulation started at: 2021-05-05T09:09+0000 #
#####################################################################
# random = 2.0, gridStep = 0.0055
#
# The columns have the following meaning: 
# time nodes[Max] S1Distance[Max] S2Distance[Max] S3Distance[Max] 
0.0 0.0 0.0 0.0 0.0 
1.0005829790527505 1660.0 2659.693607103461 2415.169898688097 1485.448082095366 
2.0005829790527505 1660.0 2659.693607103461 2415.169898688097 1485.448082095366 
3.0005829790527505 1660.0 2659.693607103461 2415.169898688097 1485.448082095366 
4.0005829790527505 1660.0 2659.693607103461 2415.169898688097 1485.448082095366 
5.0005829790527505 1660.0 2659.693607103461 2415.169898688097 1485.448082095366 
6.0005829790527505 1660.0 2659.693607103461 2415.169898688097 1485.448082095366 
7.0005829790527505 1660.0 2659.693607103461 2415.169898688097 1485.448082095366 
8.000582979052751 1660.0 2659.693607103461 2415.169898688097 1485.448082095366 
9.000582979052751 1660.0 2659.693607103461 2415.169898688097 1485.448082095366 
10.000582979052751 1660.0 2659.693607103461 2415.169898688097 1485.448082095366 
11.000582979052751 1661.0 2659.693607103461 2415.169898688097 1485.448082095366 
12.000582979052751 1661.0 2659.693607103461 2415.169898688097 1485.448082095366 
13.000582979052751 1661.0 2659.693607103461 2415.169898688097 1485.448082095366 
14.000582979052751 1661.0 2659.693607103461 2415.169898688097 1485.448082095366 
15.000582979052751 1661.0 2655.991463933988 2415.169898688097 1485.448082095366 
16.00058297905275 1661.0 2655.991463933988 2415.169898688097 1485.448082095366 
17.00058297905275 1661.0 2655.991463933988 2415.169898688097 1485.448082095366 
18.00058297905275 1661.0 2655.991463933988 2415.169898688097 1485.448082095366 
19.00058297905275 1661.0 2654.90290109982 2415.169898688097 1485.448082095366 
20.00058297905275 1661.0 2654.90290109982 2415.169898688097 1485.448082095366 
21.00058297905275 1661.0 2654.90290109982 2415.169898688097 1485.448082095366 
22.00058297905275 1661.0 2654.90290109982 2415.169898688097 1485.448082095366 
23.00058297905275 1661.0 2635.8248894204025 2415.169898688097 1485.448082095366 
24.00058297905275 1661.0 2635.8248894204025 2415.169898688097 1485.448082095366 
25.00058297905275 1661.0 2635.8248894204025 2415.169898688097 1485.448082095366 
26.00058297905275 1661.0 2635.8248894204025 2415.169898688097 1485.448082095366 
27.00058297905275 1661.0 2616.7602628524323 2415.169898688097 1485.448082095366 
28.00058297905275 1661.0 2616.7602628524323 2415.169898688097 1485.448082095366 
29.00058297905275 1661.0 2616.7602628524323 2415.169898688097 1485.448082095366 
30.00058297905275 1661.0 2616.7602628524323 2415.169898688097 1485.448082095366 
31.00058297905275 1661.0 2597.709315508937 2415.169898688097 1485.448082095366 
32.00058297905275 1661.0 2597.709315508937 2415.169898688097 1485.448082095366 
33.00058297905275 1661.0 2597.709315508937 2415.169898688097 1485.448082095366 
34.00058297905275 1661.0 2597.709315508937 2415.169898688097 1485.448082095366 
35.00058297905275 1661.0 2578.7453620709375 2415.169898688097 1485.448082095366 
36.00058297905275 1661.0 2578.7453620709375 2415.169898688097 1485.448082095366 
37.00058297905275 1661.0 2578.7453620709375 2415.169898688097 1485.448082095366 
38.00058297905275 1661.0 2578.7453620709375 2415.169898688097 1485.448082095366 
39.00058297905275 1661.0 2559.795761385795 2415.169898688097 1485.448082095366 
40.00058297905275 1661.0 2559.795761385795 2415.169898688097 1485.448082095366 
41.00058297905275 1662.0 2559.795761385795 2415.169898688097 1485.448082095366 
42.00058297905275 1662.0 2559.795761385795 2415.169898688097 1485.448082095366 
43.00058297905275 1662.0 2540.860833984686 2415.169898688097 1485.448082095366 
44.00058297905275 1662.0 2540.860833984686 2415.169898688097 1485.448082095366 
45.00058297905275 1662.0 2540.860833984686 2415.169898688097 1485.448082095366 
46.00058297905275 1662.0 2540.860833984686 2415.169898688097 1485.448082095366 
47.00058297905275 1662.0 2521.9409097722914 2409.425594824606 1485.448082095366 
48.00058297905275 1662.0 2521.9409097722914 2409.425594824606 1485.448082095366 
49.00058297905275 1662.0 2521.9409097722914 2409.425594824606 1485.448082095366 
50.00058297905275 1662.0 2521.9409097722914 2409.425594824606 1485.448082095366 
51.00058297905275 1662.0 2503.1094598817235 2393.406090897862 1485.448082095366 
52.00058297905275 1662.0 2503.1094598817235 2393.406090897862 1485.448082095366 
53.00058297905275 1662.0 2503.1094598817235 2393.406090897862 1485.448082095366 
54.00058297905275 1662.0 2503.1094598817235 2393.406090897862 1485.448082095366 
55.00058297905275 1662.0 2485.3156457175223 2373.9085181742007 1485.448082095366 
56.00058297905275 1662.0 2485.3156457175223 2373.9085181742007 1485.448082095366 
57.00058297905275 1662.0 2485.3156457175223 2373.9085181742007 1485.448082095366 
58.00058297905275 1662.0 2485.3156457175223 2373.9085181742007 1485.448082095366 
59.00058297905275 1662.0 2466.4247113632473 2354.478875638553 1485.448082095366 
60.00058297905275 1662.0 2466.4247113632473 2354.478875638553 1485.448082095366 
61.00058297905275 1662.0 2466.4247113632473 2354.478875638553 1485.448082095366 
62.00058297905275 1662.0 2466.4247113632473 2354.478875638553 1485.448082095366 
63.00058297905275 1662.0 2447.5507579921878 2334.9963203913676 1485.448082095366 
64.00058297905275 1662.0 2447.5507579921878 2334.9963203913676 1485.448082095366 
65.00058297905275 1662.0 2447.5507579921878 2334.9963203913676 1485.448082095366 
66.00058297905275 1662.0 2447.5507579921878 2334.9963203913676 1485.448082095366 
67.00058297905275 1662.0 2428.6941808638085 2315.582226571909 1485.448082095366 
68.00058297905275 1662.0 2428.6941808638085 2315.582226571909 1485.448082095366 
69.00058297905275 1662.0 2428.6941808638085 2315.582226571909 1485.448082095366 
70.00058297905275 1662.0 2428.6941808638085 2315.582226571909 1485.448082095366 
71.00058297905275 1662.0 2409.92866847821 2296.115454614452 1485.448082095366 
72.00058297905275 1662.0 2409.92866847821 2296.115454614452 1485.448082095366 
73.00058297905275 1662.0 2409.92866847821 2296.115454614452 1485.448082095366 
74.00058297905275 1662.0 2409.92866847821 2296.115454614452 1485.448082095366 
75.00058297905275 1662.0 2391.108108173393 2276.717705410762 1485.448082095366 
76.00058297905275 1662.0 2391.108108173393 2276.717705410762 1485.448082095366 
77.00058297905275 1662.0 2391.108108173393 2276.717705410762 1485.448082095366 
78.00058297905275 1662.0 2391.108108173393 2276.717705410762 1485.448082095366 
79.00058297905275 1662.0 2372.3061835913645 2257.2675349433284 1485.448082095366 
80.00058297905275 1662.0 2372.3061835913645 2257.2675349433284 1485.448082095366 
81.00058297905275 1662.0 2372.3061835913645 2257.2675349433284 1485.448082095366 
82.00058297905275 1662.0 2372.3061835913645 2257.2675349433284 1485.448082095366 
83.00058297905275 1662.0 2353.523340715433 2237.8869810124065 1485.448082095366 
84.00058297905275 1662.0 2353.523340715433 2237.8869810124065 1485.448082095366 
85.00058297905275 1662.0 2353.523340715433 2237.8869810124065 1485.448082095366 
86.00058297905275 1662.0 2353.523340715433 2237.8869810124065 1485.448082095366 
87.00058297905275 1662.0 2334.7600394194656 2218.4542871175354 1485.448082095366 
88.00058297905275 1662.0 2334.7600394194656 2218.4542871175354 1485.448082095366 
89.00058297905275 1662.0 2334.7600394194656 2218.4542871175354 1485.448082095366 
90.00058297905275 1662.0 2334.7600394194656 2218.4542871175354 1485.448082095366 
91.00058297905275 1662.0 2316.090184698237 2199.091838601254 1485.448082095366 
92.00058297905275 1662.0 2316.090184698237 2199.091838601254 1485.448082095366 
93.00058297905275 1662.0 2316.090184698237 2199.091838601254 1485.448082095366 
94.00058297905275 1662.0 2316.090184698237 2199.091838601254 1485.448082095366 
95.00058297905275 1662.0 2297.367433844134 2179.738847649309 1485.448082095366 
96.00058297905275 1662.0 2297.367433844134 2179.738847649309 1485.448082095366 
97.00058297905275 1662.0 2297.367433844134 2179.738847649309 1485.448082095366 
98.00058297905275 1662.0 2297.367433844134 2179.738847649309 1485.448082095366 
99.00058297905275 1662.0 2278.6656927108706 2160.395567781781 1485.448082095366 
100.00058297905275 1662.0 2278.6656927108706 2160.395567781781 1485.448082095366 
101.00058297905275 1663.0 2278.6656927108706 2160.395567781781 1485.448082095366 
102.00058297905275 1663.0 2278.6656927108706 2160.395567781781 1485.448082095366 
103.00058297905275 1663.0 2259.9854821971835 2141.123729906704 1485.448082095366 
104.00058297905275 1663.0 2259.9854821971835 2141.123729906704 1485.448082095366 
105.00058297905275 1663.0 2259.9854821971835 2141.123729906704 1485.448082095366 
106.00058297905275 1663.0 2259.9854821971835 2141.123729906704 1479.1405683132484 
107.00058297905275 1663.0 2241.327339957616 2121.7392009436817 1479.1405683132484 
108.00058297905275 1663.0 2241.327339957616 2121.7392009436817 1479.1405683132484 
109.00058297905275 1663.0 2241.327339957616 2121.7392009436817 1479.1405683132484 
110.00058297905275 1663.0 2241.327339957616 2121.7392009436817 1459.2045910764482 
111.00058297905275 1663.0 2222.6918210525573 2102.426667792342 1459.2045910764482 
112.00058297905275 1663.0 2222.6918210525573 2102.426667792342 1459.2045910764482 
113.00058297905275 1663.0 2222.6918210525573 2102.426667792342 1459.2045910764482 
114.00058297905275 1663.0 2222.6918210525573 2102.426667792342 1439.2254984841131 
115.00058297905275 1663.0 2204.153102711773 2083.186699861014 1439.2254984841131 
116.00058297905275 1663.0 2204.153102711773 2083.186699861014 1439.2254984841131 
117.00058297905275 1663.0 2204.153102711773 2083.186699861014 1439.2254984841131 
118.00058297905275 1663.0 2204.153102711773 2083.186699861014 1419.2945054186175 
119.00058297905275 1663.0 2185.5645966467846 2063.834363146122 1419.2945054186175 
120.00058297905275 1663.0 2185.5645966467846 2063.834363146122 1419.2945054186175 
121.00058297905275 1663.0 2185.5645966467846 2063.834363146122 1419.2945054186175 
122.00058297905275 1663.0 2185.5645966467846 2063.834363146122 1399.3662058424488 
123.00058297905275 1663.0 2167.000490146762 2044.5552086870143 1399.3662058424488 
124.00058297905275 1663.0 2167.000490146762 2044.5552086870143 1399.3662058424488 
125.00058297905275 1663.0 2167.000490146762 2044.5552086870143 1399.3662058424488 
126.00058297905275 1663.0 2167.000490146762 2044.5552086870143 1379.4407172377757 
127.00058297905275 1663.0 2148.461414983816 2025.2878167692038 1379.4407172377757 
128.00058297905275 1663.0 2148.461414983816 2025.2878167692038 1379.4407172377757 
129.00058297905275 1663.0 2148.461414983816 2025.2878167692038 1379.4407172377757 
130.00058297905275 1663.0 2148.461414983816 2025.2878167692038 1359.51816395448 
131.00058297905275 1663.0 2129.948024057996 2006.032525626584 1359.51816395448 
132.00058297905275 1663.0 2129.948024057996 2006.032525626584 1359.51816395448 
133.00058297905275 1663.0 2129.948024057996 2006.032525626584 1359.51816395448 
134.00058297905275 1663.0 2129.948024057996 2006.032525626584 1339.598677723766 
135.00058297905275 1663.0 2111.5347322011025 1986.8519230307954 1339.598677723766 
136.00058297905275 1663.0 2111.5347322011025 1986.8519230307954 1339.598677723766 
137.00058297905275 1663.0 2111.5347322011025 1986.8519230307954 1339.598677723766 
138.00058297905275 1663.0 2111.5347322011025 1986.8519230307954 1319.6823982072428 
139.00058297905275 1663.0 2093.0747830987925 1967.5596636903927 1319.6823982072428 
140.00058297905275 1663.0 2093.0747830987925 1967.5596636903927 1319.6823982072428 
141.00058297905275 1663.0 2093.0747830987925 1967.5596636903927 1319.6823982072428 
142.00058297905275 1663.0 2093.0747830987925 1967.5596636903927 1299.7232748805702 
143.00058297905275 1663.0 2074.6426118630848 1948.3428363120786 1299.7232748805702 
144.00058297905275 1663.0 2074.6426118630848 1948.3428363120786 1299.7232748805702 
145.00058297905275 1663.0 2074.6426118630848 1948.3428363120786 1299.7232748805702 
146.00058297905275 1663.0 2074.6426118630848 1948.3428363120786 1279.8137656503711 
147.00058297905275 1663.0 2056.3865966035564 1929.2021477835972 1279.8137656503711 
148.00058297905275 1663.0 2056.3865966035564 1929.2021477835972 1279.8137656503711 
149.00058297905275 1663.0 2056.3865966035564 1929.2021477835972 1279.8137656503711 
150.00058297905275 1663.0 2056.3865966035564 1929.2021477835972 1261.0606134011653 
151.00058297905275 1663.0 2038.0861340485255 1909.950357495236 1261.0606134011653 
152.00058297905275 1663.0 2038.0861340485255 1909.950357495236 1261.0606134011653 
153.00058297905275 1663.0 2038.0861340485255 1909.950357495236 1261.0606134011653 
154.00058297905275 1663.0 2038.0861340485255 1909.950357495236 1242.3484445857414 
155.00058297905275 1663.0 2019.88967582588 1890.7755406691635 1242.3484445857414 
156.00058297905275 1663.0 2019.88967582588 1890.7755406691635 1242.3484445857414 
157.00058297905275 1663.0 2019.88967582588 1890.7755406691635 1242.3484445857414 
158.00058297905275 1663.0 2019.88967582588 1890.7755406691635 1223.7671459863654 
159.00058297905275 1663.0 2001.650342103705 1871.6155899510527 1223.7671459863654 
160.00058297905275 1663.0 2001.650342103705 1871.6155899510527 1223.7671459863654 
161.00058297905275 1663.0 2001.650342103705 1871.6155899510527 1223.7671459863654 
162.00058297905275 1663.0 2001.650342103705 1871.6155899510527 1205.1866289283896 
163.00058297905275 1663.0 1983.4428264660448 1852.470965866478 1205.1866289283896 
164.00058297905275 1663.0 1983.4428264660448 1852.470965866478 1205.1866289283896 
165.00058297905275 1663.0 1983.4428264660448 1852.470965866478 1205.1866289283896 
166.00058297905275 1663.0 1983.4428264660448 1852.470965866478 1186.6992406406814 
167.00058297905275 1663.0 1965.2604342241486 1833.4052538511448 1186.6992406406814 
168.00058297905275 1663.0 1965.2604342241486 1833.4052538511448 1186.6992406406814 
169.00058297905275 1663.0 1965.2604342241486 1833.4052538511448 1186.6992406406814 
170.00058297905275 1663.0 1965.2604342241486 1833.4052538511448 1168.2619759860922 
171.00058297905275 1663.0 1947.1865417061188 1814.3560811678465 1168.2619759860922 
172.00058297905275 1663.0 1947.1865417061188 1814.3560811678465 1168.2619759860922 
173.00058297905275 1663.0 1947.1865417061188 1814.3560811678465 1168.2619759860922 
174.00058297905275 1663.0 1947.1865417061188 1814.3560811678465 1149.8772474117372 
175.00058297905275 1663.0 1929.0808719519614 1795.1972885767068 1149.8772474117372 
176.00058297905275 1663.0 1929.0808719519614 1795.1972885767068 1149.8772474117372 
177.00058297905275 1663.0 1929.0808719519614 1795.1972885767068 1149.8772474117372 
178.00058297905275 1663.0 1929.0808719519614 1795.1972885767068 1131.5043046193407 
179.00058297905275 1663.0 1911.0046162820283 1776.1190885949532 1131.5043046193407 
180.00058297905275 1663.0 1911.0046162820283 1776.1190885949532 1131.5043046193407 
181.00058297905275 1663.0 1911.0046162820283 1776.1190885949532 1131.5043046193407 
182.00058297905275 1663.0 1911.0046162820283 1776.1190885949532 1113.1422525814173 
183.00058297905275 1663.0 1892.971580744411 1757.122407660994 1113.1422525814173 
184.00058297905275 1663.0 1892.971580744411 1757.122407660994 1113.1422525814173 
185.00058297905275 1663.0 1892.971580744411 1757.122407660994 1113.1422525814173 
186.00058297905275 1663.0 1892.971580744411 1757.122407660994 1094.8887145659924 
187.00058297905275 1663.0 1875.0450601083664 1738.017080103957 1094.8887145659924 
188.00058297905275 1663.0 1875.0450601083664 1738.017080103957 1094.8887145659924 
189.00058297905275 1663.0 1875.0450601083664 1738.017080103957 1094.8887145659924 
190.00058297905275 1663.0 1875.0450601083664 1738.017080103957 1076.7418749113085 
191.00058297905275 1663.0 1864.8113269389835 1718.9944755786648 1076.7418749113085 
192.00058297905275 1663.0 1864.8113269389835 1718.9944755786648 1076.7418749113085 
193.00058297905275 1663.0 1864.8113269389835 1718.9944755786648 1076.7418749113085 
194.00058297905275 1663.0 1864.8113269389835 1718.9944755786648 1058.6621424208672 
195.00058297905275 1663.0 1845.0129829572286 1699.9916507549801 1058.6621424208672 
