#####################################################################
# Alchemist log file - simulation started at: 2021-05-05T12:10+0000 #
#####################################################################
# random = 0.0, gridStep = 1.0055
#
# The columns have the following meaning: 
# time nodes[Max] S1Distance[Max] S2Distance[Max] S3Distance[Max] 
0.0 0.0 0.0 0.0 0.0 
1.000405536260625 1500.0 2659.693607103461 2415.169898688097 1485.448082095366 
2.000405536260625 1500.0 2659.693607103461 2415.169898688097 1485.448082095366 
3.000405536260625 1500.0 2659.693607103461 2415.169898688097 1485.448082095366 
4.000405536260625 1500.0 2659.693607103461 2415.169898688097 1485.448082095366 
5.000405536260625 1500.0 2659.693607103461 2415.169898688097 1485.448082095366 
6.000405536260625 1500.0 2659.693607103461 2415.169898688097 1485.448082095366 
7.000405536260625 1500.0 2659.693607103461 2415.169898688097 1485.448082095366 
8.000405536260626 1500.0 2659.693607103461 2415.169898688097 1485.448082095366 
9.000260265707054 1500.0 2659.693607103461 2415.169898688097 1485.448082095366 
10.000405536260626 1500.0 2659.693607103461 2415.169898688097 1485.448082095366 
11.000405536260626 1501.0 2659.693607103461 2415.169898688097 1485.448082095366 
12.000405536260626 1501.0 2659.693607103461 2415.169898688097 1485.448082095366 
13.000405536260626 1501.0 2659.693607103461 2415.169898688097 1485.448082095366 
14.000405536260626 1501.0 2659.693607103461 2415.169898688097 1485.448082095366 
15.000405536260626 1501.0 2659.693607103461 2415.169898688097 1485.448082095366 
16.000405536260626 1501.0 2659.693607103461 2415.169898688097 1485.448082095366 
17.000405536260626 1501.0 2659.693607103461 2415.169898688097 1485.448082095366 
18.000405536260626 1501.0 2659.693607103461 2415.169898688097 1485.448082095366 
19.000260265707055 1501.0 2641.422706150797 2415.169898688097 1485.448082095366 
20.000405536260626 1501.0 2641.422706150797 2415.169898688097 1485.448082095366 
21.000405536260626 1501.0 2641.422706150797 2415.169898688097 1485.448082095366 
22.000405536260626 1501.0 2641.422706150797 2415.169898688097 1485.448082095366 
23.000405536260626 1501.0 2623.17586247555 2415.169898688097 1485.448082095366 
24.000405536260626 1501.0 2623.17586247555 2415.169898688097 1485.448082095366 
25.000405536260626 1501.0 2623.17586247555 2415.169898688097 1485.448082095366 
26.000405536260626 1501.0 2623.17586247555 2415.169898688097 1485.448082095366 
27.000405536260626 1501.0 2605.0063830811982 2415.169898688097 1485.448082095366 
28.000405536260626 1501.0 2605.0063830811982 2415.169898688097 1485.448082095366 
29.000260265707055 1501.0 2605.0063830811982 2415.169898688097 1485.448082095366 
30.000405536260626 1501.0 2605.0063830811982 2415.169898688097 1485.448082095366 
31.000405536260626 1501.0 2586.8824945030906 2415.169898688097 1485.448082095366 
32.00040553626063 1501.0 2586.8824945030906 2415.169898688097 1485.448082095366 
33.00040553626063 1501.0 2586.8824945030906 2415.169898688097 1485.448082095366 
34.00040553626063 1501.0 2586.8824945030906 2415.169898688097 1485.448082095366 
35.00040553626063 1501.0 2568.764915601609 2415.169898688097 1485.448082095366 
36.00040553626063 1501.0 2568.764915601609 2415.169898688097 1485.448082095366 
37.00040553626063 1501.0 2568.764915601609 2415.169898688097 1485.448082095366 
38.00040553626063 1501.0 2568.764915601609 2415.169898688097 1485.448082095366 
39.000260265707055 1501.0 2550.620314814409 2415.169898688097 1485.448082095366 
40.00040553626063 1501.0 2550.620314814409 2415.169898688097 1485.448082095366 
41.00040553626063 1502.0 2550.620314814409 2415.169898688097 1485.448082095366 
42.00040553626063 1502.0 2550.620314814409 2415.169898688097 1485.448082095366 
43.00040553626063 1502.0 2532.556822175603 2415.169898688097 1485.448082095366 
44.00040553626063 1502.0 2532.556822175603 2415.169898688097 1485.448082095366 
45.00040553626063 1502.0 2532.556822175603 2415.169898688097 1485.448082095366 
46.00040553626063 1502.0 2532.556822175603 2415.169898688097 1485.448082095366 
47.00040553626063 1502.0 2514.539759023405 2415.169898688097 1485.448082095366 
48.00040553626063 1502.0 2514.539759023405 2415.169898688097 1485.448082095366 
49.000260265707055 1502.0 2514.539759023405 2415.169898688097 1485.448082095366 
50.00040553626063 1502.0 2514.539759023405 2415.169898688097 1485.448082095366 
51.00040553626063 1502.0 2502.0097331097777 2415.169898688097 1485.448082095366 
52.00040553626063 1502.0 2502.0097331097777 2415.169898688097 1485.448082095366 
53.00040553626063 1502.0 2502.0097331097777 2415.169898688097 1485.448082095366 
54.00040553626063 1502.0 2502.0097331097777 2415.169898688097 1485.448082095366 
55.00040553626063 1502.0 2489.576585029094 2415.169898688097 1485.448082095366 
56.00040553626063 1502.0 2489.576585029094 2415.169898688097 1485.448082095366 
57.00040553626063 1502.0 2489.576585029094 2415.169898688097 1485.448082095366 
58.00040553626063 1502.0 2489.576585029094 2415.169898688097 1485.448082095366 
59.000260265707055 1502.0 2477.1684636743635 2415.169898688097 1485.448082095366 
60.00040553626063 1502.0 2477.1684636743635 2415.169898688097 1485.448082095366 
61.00040553626063 1502.0 2477.1684636743635 2415.169898688097 1485.448082095366 
62.00040553626063 1502.0 2477.1684636743635 2415.169898688097 1485.448082095366 
63.00040553626063 1502.0 2464.8600196284465 2415.169898688097 1485.448082095366 
64.00040553626063 1502.0 2464.8600196284465 2415.169898688097 1485.448082095366 
65.00040553626063 1502.0 2464.8600196284465 2415.169898688097 1485.448082095366 
66.00040553626063 1502.0 2464.8600196284465 2415.169898688097 1485.448082095366 
67.00040553626063 1502.0 2452.726194914408 2415.169898688097 1485.448082095366 
68.00040553626063 1502.0 2452.726194914408 2415.169898688097 1485.448082095366 
69.00026026570706 1502.0 2452.726194914408 2415.169898688097 1485.448082095366 
70.00040553626063 1502.0 2452.726194914408 2415.169898688097 1485.448082095366 
71.00040553626063 1502.0 2440.6216864783887 2415.169898688097 1485.448082095366 
72.00040553626063 1502.0 2440.6216864783887 2415.169898688097 1485.448082095366 
73.00040553626063 1502.0 2440.6216864783887 2415.169898688097 1485.448082095366 
74.00040553626063 1502.0 2440.6216864783887 2415.169898688097 1485.448082095366 
75.00040553626063 1502.0 2428.6214061977266 2415.169898688097 1485.448082095366 
76.00040553626063 1502.0 2428.6214061977266 2415.169898688097 1485.448082095366 
77.00040553626063 1502.0 2428.6214061977266 2415.169898688097 1485.448082095366 
78.00040553626063 1502.0 2428.6214061977266 2415.169898688097 1485.448082095366 
79.00026026570706 1502.0 2416.8005279954796 2415.169898688097 1485.448082095366 
80.00040553626063 1502.0 2416.8005279954796 2415.169898688097 1485.448082095366 
81.00040553626063 1502.0 2416.8005279954796 2415.169898688097 1485.448082095366 
82.00040553626063 1502.0 2416.8005279954796 2415.169898688097 1485.448082095366 
83.00040553626063 1502.0 2405.013432359856 2415.169898688097 1485.448082095366 
84.00040553626063 1502.0 2405.013432359856 2415.169898688097 1485.448082095366 
85.00040553626063 1502.0 2405.013432359856 2415.169898688097 1485.448082095366 
86.00040553626063 1502.0 2405.013432359856 2415.169898688097 1485.448082095366 
87.00040553626063 1502.0 2386.32514569595 2415.169898688097 1485.448082095366 
88.00040553626063 1502.0 2386.32514569595 2415.169898688097 1485.448082095366 
89.00026026570706 1502.0 2386.32514569595 2415.169898688097 1485.448082095366 
90.00040553626063 1502.0 2386.32514569595 2415.169898688097 1485.448082095366 
91.00040553626063 1502.0 2367.730419316615 2415.169898688097 1485.448082095366 
92.00040553626063 1502.0 2367.730419316615 2415.169898688097 1485.448082095366 
93.00040553626063 1502.0 2367.730419316615 2415.169898688097 1485.448082095366 
94.00040553626063 1502.0 2367.730419316615 2415.169898688097 1485.448082095366 
95.00040553626063 1502.0 2349.0823059676613 2415.169898688097 1485.448082095366 
96.00040553626063 1502.0 2349.0823059676613 2415.169898688097 1485.448082095366 
97.00040553626063 1502.0 2349.0823059676613 2415.169898688097 1485.448082095366 
98.00040553626063 1502.0 2349.0823059676613 2415.169898688097 1485.448082095366 
99.00026026570706 1502.0 2330.444365552796 2415.169898688097 1485.448082095366 
100.00040553626063 1502.0 2330.444365552796 2415.169898688097 1485.448082095366 
101.00040553626063 1503.0 2330.444365552796 2415.169898688097 1485.448082095366 
102.00040553626063 1503.0 2330.444365552796 2415.169898688097 1485.448082095366 
103.00040553626063 1503.0 2311.902191616537 2415.169898688097 1485.448082095366 
104.00040553626063 1503.0 2311.902191616537 2415.169898688097 1485.448082095366 
105.00040553626063 1503.0 2311.902191616537 2415.169898688097 1485.448082095366 
106.00040553626063 1503.0 2311.902191616537 2415.169898688097 1485.448082095366 
107.00040553626063 1503.0 2293.318702856637 2415.169898688097 1485.448082095366 
108.00040553626063 1503.0 2293.318702856637 2415.169898688097 1485.448082095366 
109.00026026570706 1503.0 2293.318702856637 2415.169898688097 1485.448082095366 
110.00040553626063 1503.0 2293.318702856637 2415.169898688097 1485.448082095366 
111.00040553626063 1503.0 2274.821819219667 2415.169898688097 1485.448082095366 
112.00040553626063 1503.0 2274.821819219667 2415.169898688097 1485.448082095366 
113.00040553626063 1503.0 2274.821819219667 2415.169898688097 1485.448082095366 
114.00040553626063 1503.0 2274.821819219667 2415.169898688097 1485.448082095366 
115.00040553626063 1503.0 2256.28398359271 2415.169898688097 1485.448082095366 
116.00040553626063 1503.0 2256.28398359271 2415.169898688097 1485.448082095366 
117.00040553626063 1503.0 2256.28398359271 2415.169898688097 1485.448082095366 
118.00040553626063 1503.0 2256.28398359271 2415.169898688097 1485.448082095366 
119.00026026570706 1503.0 2237.760772350462 2415.169898688097 1485.448082095366 
120.00040553626063 1503.0 2237.760772350462 2415.169898688097 1485.448082095366 
121.00040553626063 1503.0 2237.760772350462 2415.169898688097 1485.448082095366 
122.00040553626063 1503.0 2237.760772350462 2415.169898688097 1485.448082095366 
123.00040553626063 1503.0 2219.336262693603 2415.169898688097 1485.448082095366 
124.00040553626063 1503.0 2219.336262693603 2415.169898688097 1485.448082095366 
125.00040553626063 1503.0 2219.336262693603 2415.169898688097 1485.448082095366 
126.00040553626063 1503.0 2219.336262693603 2415.169898688097 1485.448082095366 
127.00040553626063 1503.0 2200.8714400252593 2415.169898688097 1485.448082095366 
128.00040553626064 1503.0 2200.8714400252593 2415.169898688097 1485.448082095366 
129.00026026570706 1503.0 2200.8714400252593 2415.169898688097 1485.448082095366 
130.00040553626064 1503.0 2200.8714400252593 2415.169898688097 1485.448082095366 
131.00040553626064 1503.0 2186.467882663162 2415.169898688097 1485.448082095366 
132.00040553626064 1503.0 2186.467882663162 2415.169898688097 1485.448082095366 
133.00040553626064 1503.0 2186.467882663162 2415.169898688097 1485.448082095366 
134.00040553626064 1503.0 2186.467882663162 2415.169898688097 1485.448082095366 
135.00040553626064 1503.0 2172.1520919987615 2415.169898688097 1485.448082095366 
136.00040553626064 1503.0 2172.1520919987615 2415.169898688097 1485.448082095366 
137.00040553626064 1503.0 2172.1520919987615 2415.169898688097 1485.448082095366 
138.00040553626064 1503.0 2172.1520919987615 2415.169898688097 1485.448082095366 
139.00026026570706 1503.0 2157.8520273168433 2415.169898688097 1485.448082095366 
140.00040553626064 1503.0 2157.8520273168433 2415.169898688097 1485.448082095366 
141.00040553626064 1503.0 2157.8520273168433 2415.169898688097 1485.448082095366 
142.00040553626064 1503.0 2157.8520273168433 2415.169898688097 1485.448082095366 
143.00040553626064 1503.0 2143.632392207744 2415.169898688097 1485.448082095366 
144.00040553626064 1503.0 2143.632392207744 2415.169898688097 1485.448082095366 
145.00040553626064 1503.0 2143.632392207744 2415.169898688097 1485.448082095366 
146.00040553626064 1503.0 2143.632392207744 2415.169898688097 1485.448082095366 
147.00040553626064 1503.0 2128.759597068617 2415.169898688097 1485.448082095366 
148.00040553626064 1503.0 2128.759597068617 2415.169898688097 1485.448082095366 
149.00026026570706 1503.0 2128.759597068617 2415.169898688097 1485.448082095366 
150.00040553626064 1503.0 2128.759597068617 2415.169898688097 1485.448082095366 
151.00040553626064 1503.0 2113.8116241538405 2415.169898688097 1485.448082095366 
152.00040553626064 1503.0 2113.8116241538405 2415.169898688097 1485.448082095366 
153.00040553626064 1503.0 2113.8116241538405 2415.169898688097 1485.448082095366 
154.00040553626064 1503.0 2113.8116241538405 2415.169898688097 1485.448082095366 
155.00040553626064 1503.0 2099.0222884225286 2415.169898688097 1485.448082095366 
156.00040553626064 1503.0 2099.0222884225286 2415.169898688097 1485.448082095366 
157.00040553626064 1503.0 2099.0222884225286 2415.169898688097 1485.448082095366 
158.00040553626064 1503.0 2099.0222884225286 2415.169898688097 1485.448082095366 
159.00026026570706 1503.0 2084.2461695863867 2415.169898688097 1485.448082095366 
160.00040553626064 1503.0 2084.2461695863867 2415.169898688097 1485.448082095366 
161.00040553626064 1503.0 2084.2461695863867 2415.169898688097 1485.448082095366 
162.00040553626064 1503.0 2084.2461695863867 2415.169898688097 1485.448082095366 
163.00040553626064 1503.0 2069.5587742608454 2415.169898688097 1485.448082095366 
164.00040553626064 1503.0 2069.5587742608454 2415.169898688097 1485.448082095366 
165.00040553626064 1503.0 2069.5587742608454 2415.169898688097 1485.448082095366 
166.00040553626064 1503.0 2069.5587742608454 2415.169898688097 1485.448082095366 
167.00040553626064 1503.0 2054.946784385383 2415.169898688097 1485.448082095366 
168.00040553626064 1503.0 2054.946784385383 2415.169898688097 1485.448082095366 
169.00026026570706 1503.0 2054.946784385383 2415.169898688097 1485.448082095366 
170.00040553626064 1503.0 2054.946784385383 2415.169898688097 1485.448082095366 
171.00040553626064 1503.0 2040.425884603417 2415.169898688097 1485.448082095366 
172.00040553626064 1503.0 2040.425884603417 2415.169898688097 1485.448082095366 
173.00040553626064 1503.0 2040.425884603417 2415.169898688097 1485.448082095366 
174.00040553626064 1503.0 2040.425884603417 2415.169898688097 1485.448082095366 
175.00040553626064 1503.0 2028.5080742028472 2415.169898688097 1485.448082095366 
176.00040553626064 1503.0 2028.5080742028472 2415.169898688097 1485.448082095366 
177.00040553626064 1503.0 2028.5080742028472 2415.169898688097 1485.448082095366 
178.00040553626064 1503.0 2028.5080742028472 2415.169898688097 1485.448082095366 
179.00026026570706 1503.0 2011.1670202060504 2415.169898688097 1485.448082095366 
180.00040553626064 1503.0 2011.1670202060504 2415.169898688097 1485.448082095366 
181.00040553626064 1503.0 2011.1670202060504 2415.169898688097 1485.448082095366 
182.00040553626064 1503.0 2011.1670202060504 2415.169898688097 1485.448082095366 
183.00040553626064 1503.0 1993.8761925212013 2415.169898688097 1485.448082095366 
184.00040553626064 1503.0 1993.8761925212013 2415.169898688097 1485.448082095366 
185.00040553626064 1503.0 1993.8761925212013 2415.169898688097 1485.448082095366 
186.00040553626064 1503.0 1993.8761925212013 2415.169898688097 1485.448082095366 
187.00040553626064 1503.0 1978.1649715029027 2415.169898688097 1485.448082095366 
188.00040553626064 1503.0 1978.1649715029027 2415.169898688097 1485.448082095366 
189.00026026570706 1503.0 1978.1649715029027 2415.169898688097 1485.448082095366 
190.00040553626064 1503.0 1978.1649715029027 2415.169898688097 1485.448082095366 
191.00040553626064 1503.0 1962.604800216711 2415.169898688097 1485.448082095366 
192.00040553626064 1503.0 1962.604800216711 2415.169898688097 1485.448082095366 
193.00040553626064 1503.0 1962.604800216711 2415.169898688097 1485.448082095366 
194.00040553626064 1503.0 1962.604800216711 2415.169898688097 1485.448082095366 
195.00040553626064 1503.0 1947.124410220927 2415.169898688097 1485.448082095366 
196.00040553626064 1503.0 1947.124410220927 2415.169898688097 1485.448082095366 
197.00040553626064 1503.0 1947.124410220927 2415.169898688097 1485.448082095366 
198.00040553626064 1503.0 1947.124410220927 2415.169898688097 1485.448082095366 
199.00026026570706 1503.0 1931.7257188343456 2415.169898688097 1485.448082095366 
200.00040553626064 1503.0 1931.7257188343456 2415.169898688097 1485.448082095366 
201.00040553626064 1503.0 1931.7257188343456 2415.169898688097 1485.448082095366 
202.00040553626064 1503.0 1931.7257188343456 2415.169898688097 1485.448082095366 
203.00040553626064 1503.0 1913.1126830790038 2415.169898688097 1485.448082095366 
204.00040553626064 1503.0 1913.1126830790038 2415.169898688097 1485.448082095366 
205.00040553626064 1503.0 1913.1126830790038 2415.169898688097 1485.448082095366 
206.00040553626064 1503.0 1913.1126830790038 2415.169898688097 1485.448082095366 
207.00040553626064 1503.0 1894.6000273110483 2415.169898688097 1485.448082095366 
208.00040553626064 1503.0 1894.6000273110483 2415.169898688097 1485.448082095366 
209.00026026570706 1503.0 1894.6000273110483 2415.169898688097 1485.448082095366 
210.00040553626064 1503.0 1894.6000273110483 2415.169898688097 1485.448082095366 
211.00040553626064 1503.0 1876.115133279356 2415.169898688097 1485.448082095366 
212.00040553626064 1503.0 1876.115133279356 2415.169898688097 1485.448082095366 
213.00040553626064 1503.0 1876.115133279356 2415.169898688097 1485.448082095366 
214.00040553626064 1503.0 1876.115133279356 2415.169898688097 1485.448082095366 
215.00040553626064 1503.0 1857.6588289032456 2415.169898688097 1485.448082095366 
216.00040553626064 1503.0 1857.6588289032456 2415.169898688097 1485.448082095366 
217.00040553626064 1503.0 1857.6588289032456 2415.169898688097 1485.448082095366 
218.00040553626064 1503.0 1857.6588289032456 2415.169898688097 1485.448082095366 
219.00026026570706 1503.0 1839.2319740250878 2415.169898688097 1485.448082095366 
220.00040553626064 1503.0 1839.2319740250878 2415.169898688097 1485.448082095366 
221.00040553626064 1503.0 1839.2319740250878 2415.169898688097 1485.448082095366 
222.00040553626064 1503.0 1839.2319740250878 2415.169898688097 1485.448082095366 
223.00040553626064 1503.0 1820.835461893315 2415.169898688097 1485.448082095366 
224.00040553626064 1503.0 1820.835461893315 2415.169898688097 1485.448082095366 
225.00040553626064 1503.0 1820.835461893315 2415.169898688097 1485.448082095366 
226.00040553626064 1503.0 1820.835461893315 2415.169898688097 1485.448082095366 
227.00040553626064 1503.0 1802.3228907313837 2415.169898688097 1485.448082095366 
228.00040553626064 1503.0 1802.3228907313837 2415.169898688097 1485.448082095366 
229.00026026570706 1503.0 1802.3228907313837 2415.169898688097 1485.448082095366 
230.00040553626064 1503.0 1802.3228907313837 2415.169898688097 1485.448082095366 
231.00040553626064 1503.0 1783.9161196887242 2415.169898688097 1485.448082095366 
232.00040553626064 1503.0 1783.9161196887242 2415.169898688097 1485.448082095366 
233.00040553626064 1503.0 1783.9161196887242 2415.169898688097 1485.448082095366 
234.00040553626064 1503.0 1783.9161196887242 2415.169898688097 1485.448082095366 
235.00040553626064 1503.0 1765.4799128667667 2415.169898688097 1485.448082095366 
236.00040553626064 1503.0 1765.4799128667667 2415.169898688097 1485.448082095366 
237.00040553626064 1503.0 1765.4799128667667 2415.169898688097 1485.448082095366 
238.00040553626064 1503.0 1765.4799128667667 2415.169898688097 1485.448082095366 
239.00026026570706 1503.0 1747.1400123617398 2415.169898688097 1485.448082095366 
240.00040553626064 1503.0 1747.1400123617398 2415.169898688097 1485.448082095366 
241.00040553626064 1503.0 1747.1400123617398 2415.169898688097 1485.448082095366 
242.00040553626064 1503.0 1747.1400123617398 2415.169898688097 1485.448082095366 
243.00040553626064 1503.0 1728.8354104080777 2415.169898688097 1485.448082095366 
244.00040553626064 1503.0 1728.8354104080777 2415.169898688097 1485.448082095366 
245.00040553626064 1503.0 1728.8354104080777 2415.169898688097 1485.448082095366 
246.00040553626064 1503.0 1728.8354104080777 2415.169898688097 1485.448082095366 
247.00040553626064 1503.0 1710.503034275802 2415.169898688097 1485.448082095366 
248.00040553626064 1503.0 1710.503034275802 2415.169898688097 1485.448082095366 
249.00026026570706 1503.0 1710.503034275802 2415.169898688097 1485.448082095366 
250.00040553626064 1503.0 1710.503034275802 2415.169898688097 1485.448082095366 
251.00040553626064 1503.0 1692.2719183710985 2415.169898688097 1485.448082095366 
252.00040553626064 1503.0 1692.2719183710985 2415.169898688097 1485.448082095366 
253.00040553626064 1503.0 1692.2719183710985 2415.169898688097 1485.448082095366 
254.00040553626064 1503.0 1692.2719183710985 2415.169898688097 1485.448082095366 
255.00040553626064 1503.0 1672.3907785759968 2415.169898688097 1485.448082095366 
256.00040553626064 1503.0 1672.3907785759968 2415.169898688097 1485.448082095366 
257.00040553626064 1503.0 1672.3907785759968 2415.169898688097 1485.448082095366 
258.00040553626064 1503.0 1672.3907785759968 2415.169898688097 1485.448082095366 
259.0002602657071 1503.0 1652.5106387209269 2415.169898688097 1485.448082095366 
260.00040553626064 1503.0 1652.5106387209269 2415.169898688097 1485.448082095366 
261.00040553626064 1503.0 1652.5106387209269 2415.169898688097 1485.448082095366 
262.00040553626064 1503.0 1652.5106387209269 2415.169898688097 1485.448082095366 
263.00040553626064 1503.0 1632.6613051348158 2415.169898688097 1485.448082095366 
264.00040553626064 1503.0 1632.6613051348158 2415.169898688097 1485.448082095366 
265.00040553626064 1503.0 1632.6613051348158 2415.169898688097 1485.448082095366 
266.00040553626064 1503.0 1632.6613051348158 2415.169898688097 1485.448082095366 
267.00040553626064 1503.0 1612.8880360541982 2415.169898688097 1485.448082095366 
268.00040553626064 1503.0 1612.8880360541982 2415.169898688097 1485.448082095366 
269.0002602657071 1503.0 1612.8880360541982 2415.169898688097 1485.448082095366 
270.00040553626064 1503.0 1612.8880360541982 2415.169898688097 1485.448082095366 
271.00040553626064 1503.0 1593.0431669935235 2415.169898688097 1485.448082095366 
272.00040553626064 1503.0 1593.0431669935235 2415.169898688097 1485.448082095366 
273.00040553626064 1503.0 1593.0431669935235 2415.169898688097 1485.448082095366 
274.00040553626064 1503.0 1593.0431669935235 2415.169898688097 1485.448082095366 
275.00040553626064 1503.0 1573.2745430443051 2415.169898688097 1485.448082095366 
276.00040553626064 1503.0 1573.2745430443051 2415.169898688097 1485.448082095366 
277.00040553626064 1503.0 1573.2745430443051 2415.169898688097 1485.448082095366 
278.00040553626064 1503.0 1573.2745430443051 2415.169898688097 1485.448082095366 
279.0002602657071 1503.0 1553.4344807943112 2415.169898688097 1485.448082095366 
280.00040553626064 1503.0 1553.4344807943112 2415.169898688097 1485.448082095366 
281.00040553626064 1503.0 1553.4344807943112 2415.169898688097 1485.448082095366 
282.00040553626064 1503.0 1553.4344807943112 2415.169898688097 1485.448082095366 
283.00040553626064 1503.0 1533.670861937584 2415.169898688097 1485.448082095366 
284.00040553626064 1503.0 1533.670861937584 2415.169898688097 1485.448082095366 
285.00040553626064 1503.0 1533.670861937584 2415.169898688097 1485.448082095366 
286.00040553626064 1503.0 1533.670861937584 2415.169898688097 1485.448082095366 
287.00040553626064 1503.0 1513.828018918993 2415.169898688097 1485.448082095366 
288.00040553626064 1503.0 1513.828018918993 2415.169898688097 1485.448082095366 
289.0002602657071 1503.0 1513.828018918993 2415.169898688097 1485.448082095366 
290.00040553626064 1503.0 1513.828018918993 2415.169898688097 1485.448082095366 
291.00040553626064 1503.0 1494.0621489654486 2415.169898688097 1485.448082095366 
292.00040553626064 1503.0 1494.0621489654486 2415.169898688097 1485.448082095366 
293.00040553626064 1503.0 1494.0621489654486 2415.169898688097 1485.448082095366 
294.00040553626064 1503.0 1494.0621489654486 2415.169898688097 1485.448082095366 
295.00040553626064 1503.0 1474.1864916152697 2415.169898688097 1485.448082095366 
296.00040553626064 1503.0 1474.1864916152697 2415.169898688097 1485.448082095366 
297.00040553626064 1503.0 1474.1864916152697 2415.169898688097 1485.448082095366 
298.00040553626064 1503.0 1474.1864916152697 2415.169898688097 1485.448082095366 
299.0002602657071 1503.0 1454.3124163461584 2415.169898688097 1485.448082095366 
300.00040553626064 1503.0 1454.3124163461584 2415.169898688097 1485.448082095366 
301.00040553626064 1503.0 1454.3124163461584 2415.169898688097 1485.448082095366 
302.00040553626064 1503.0 1454.3124163461584 2415.169898688097 1485.448082095366 
303.00040553626064 1503.0 1434.4399889336191 2415.169898688097 1485.448082095366 
304.00040553626064 1503.0 1434.4399889336191 2415.169898688097 1485.448082095366 
305.00040553626064 1503.0 1434.4399889336191 2415.169898688097 1485.448082095366 
306.00040553626064 1503.0 1434.4399889336191 2415.169898688097 1485.448082095366 
307.00040553626064 1503.0 1414.5610094788121 2415.169898688097 1485.448082095366 
308.00040553626064 1503.0 1414.5610094788121 2415.169898688097 1485.448082095366 
309.0002602657071 1503.0 1414.5610094788121 2415.169898688097 1485.448082095366 
310.00040553626064 1503.0 1414.5610094788121 2415.169898688097 1485.448082095366 
311.00040553626064 1503.0 1394.7574678723317 2415.169898688097 1485.448082095366 
312.00040553626064 1503.0 1394.7574678723317 2415.169898688097 1485.448082095366 
313.00040553626064 1503.0 1394.7574678723317 2415.169898688097 1485.448082095366 
314.00040553626064 1503.0 1394.7574678723317 2415.169898688097 1485.448082095366 
315.00040553626064 1503.0 1374.8816433771117 2415.169898688097 1485.448082095366 
316.00040553626064 1503.0 1374.8816433771117 2415.169898688097 1485.448082095366 
317.00040553626064 1503.0 1374.8816433771117 2415.169898688097 1485.448082095366 
318.00040553626064 1503.0 1374.8816433771117 2415.169898688097 1485.448082095366 
319.0002602657071 1503.0 1355.0075037374202 2415.169898688097 1485.448082095366 
320.00040553626064 1503.0 1355.0075037374202 2415.169898688097 1485.448082095366 
321.00040553626064 1503.0 1355.0075037374202 2415.169898688097 1485.448082095366 
322.00040553626064 1503.0 1355.0075037374202 2415.169898688097 1485.448082095366 
323.00040553626064 1503.0 1335.1351241934356 2415.169898688097 1485.448082095366 
324.00040553626064 1503.0 1335.1351241934356 2415.169898688097 1485.448082095366 
325.00040553626064 1503.0 1335.1351241934356 2415.169898688097 1485.448082095366 
326.00040553626064 1503.0 1335.1351241934356 2415.169898688097 1485.448082095366 
327.00040553626064 1503.0 1315.3384491918737 2415.169898688097 1485.448082095366 
328.00040553626064 1503.0 1315.3384491918737 2415.169898688097 1485.448082095366 
329.0002602657071 1503.0 1315.3384491918737 2415.169898688097 1485.448082095366 
330.00040553626064 1503.0 1315.3384491918737 2415.169898688097 1485.448082095366 
331.00040553626064 1503.0 1301.4194860026087 2415.169898688097 1485.448082095366 
332.00040553626064 1503.0 1301.4194860026087 2415.169898688097 1485.448082095366 
333.00040553626064 1503.0 1301.4194860026087 2415.169898688097 1485.448082095366 
334.00040553626064 1503.0 1301.4194860026087 2415.169898688097 1485.448082095366 
335.00040553626064 1503.0 1281.7583304905859 2415.169898688097 1485.448082095366 
336.00040553626064 1503.0 1281.7583304905859 2415.169898688097 1485.448082095366 
337.00040553626064 1503.0 1281.7583304905859 2415.169898688097 1485.448082095366 
338.00040553626064 1503.0 1281.7583304905859 2415.169898688097 1485.448082095366 
339.0002602657071 1503.0 1261.966982892671 2415.169898688097 1485.448082095366 
340.00040553626064 1503.0 1261.966982892671 2415.169898688097 1485.448082095366 
341.00040553626064 1503.0 1261.966982892671 2415.169898688097 1485.448082095366 
342.00040553626064 1503.0 1261.966982892671 2415.169898688097 1485.448082095366 
343.00040553626064 1503.0 1242.2552530507605 2415.169898688097 1485.448082095366 
344.00040553626064 1503.0 1242.2552530507605 2415.169898688097 1485.448082095366 
345.00040553626064 1503.0 1242.2552530507605 2415.169898688097 1485.448082095366 
346.00040553626064 1503.0 1242.2552530507605 2415.169898688097 1485.448082095366 
347.00040553626064 1503.0 1222.475632377394 2415.169898688097 1485.448082095366 
348.00040553626064 1503.0 1222.475632377394 2415.169898688097 1485.448082095366 
349.0002602657071 1503.0 1222.475632377394 2415.169898688097 1485.448082095366 
350.00040553626064 1503.0 1222.475632377394 2415.169898688097 1485.448082095366 
351.00040553626064 1503.0 1202.7023166774002 2415.169898688097 1485.448082095366 
352.00040553626064 1503.0 1202.7023166774002 2415.169898688097 1485.448082095366 
353.00040553626064 1503.0 1202.7023166774002 2415.169898688097 1485.448082095366 
354.00040553626064 1503.0 1202.7023166774002 2415.169898688097 1485.448082095366 
355.00040553626064 1503.0 1182.926407620394 2415.169898688097 1485.448082095366 
356.00040553626064 1503.0 1182.926407620394 2415.169898688097 1485.448082095366 
357.00040553626064 1503.0 1182.926407620394 2415.169898688097 1485.448082095366 
358.00040553626064 1503.0 1182.926407620394 2415.169898688097 1485.448082095366 
359.0002602657071 1503.0 1163.0171090797658 2415.169898688097 1485.448082095366 
360.00040553626064 1503.0 1163.0171090797658 2415.169898688097 1485.448082095366 
361.00040553626064 1503.0 1163.0171090797658 2415.169898688097 1485.448082095366 
362.00040553626064 1503.0 1163.0171090797658 2415.169898688097 1485.448082095366 
363.00040553626064 1503.0 1143.3177257672655 2415.169898688097 1485.448082095366 
364.00040553626064 1503.0 1143.3177257672655 2415.169898688097 1485.448082095366 
365.00040553626064 1503.0 1143.3177257672655 2415.169898688097 1485.448082095366 
366.00040553626064 1503.0 1143.3177257672655 2415.169898688097 1485.448082095366 
367.00040553626064 1503.0 1123.5512312979135 2415.169898688097 1485.448082095366 
368.00040553626064 1503.0 1123.5512312979135 2415.169898688097 1485.448082095366 
369.0002602657071 1503.0 1123.5512312979135 2415.169898688097 1485.448082095366 
370.00040553626064 1503.0 1123.5512312979135 2415.169898688097 1485.448082095366 
371.00040553626064 1503.0 1103.975998140977 2415.169898688097 1485.448082095366 
372.00040553626064 1503.0 1103.975998140977 2415.169898688097 1485.448082095366 
373.00040553626064 1503.0 1103.975998140977 2415.169898688097 1485.448082095366 
374.00040553626064 1503.0 1103.975998140977 2415.169898688097 1485.448082095366 
375.00040553626064 1503.0 1084.4133760527318 2415.169898688097 1485.448082095366 
376.00040553626064 1503.0 1084.4133760527318 2415.169898688097 1485.448082095366 
377.00040553626064 1503.0 1084.4133760527318 2415.169898688097 1485.448082095366 
378.00040553626064 1503.0 1084.4133760527318 2415.169898688097 1485.448082095366 
379.0002602657071 1503.0 1064.8640590947405 2415.169898688097 1485.448082095366 
380.00040553626064 1503.0 1064.8640590947405 2415.169898688097 1485.448082095366 
381.00040553626064 1503.0 1064.8640590947405 2415.169898688097 1485.448082095366 
382.00040553626064 1503.0 1064.8640590947405 2415.169898688097 1485.448082095366 
383.00040553626064 1503.0 1045.328792757961 2415.169898688097 1485.448082095366 
384.00040553626064 1503.0 1045.328792757961 2415.169898688097 1485.448082095366 
385.00040553626064 1503.0 1045.328792757961 2415.169898688097 1485.448082095366 
386.00040553626064 1503.0 1045.328792757961 2415.169898688097 1485.448082095366 
387.00040553626064 1503.0 1025.8083787636801 2415.169898688097 1485.448082095366 
388.00040553626064 1503.0 1025.8083787636801 2415.169898688097 1485.448082095366 
389.0002602657071 1503.0 1025.8083787636801 2415.169898688097 1485.448082095366 
390.00040553626064 1503.0 1025.8083787636801 2415.169898688097 1485.448082095366 
391.00040553626064 1503.0 1006.3036804063247 2415.169898688097 1485.448082095366 
392.00040553626064 1503.0 1006.3036804063247 2415.169898688097 1485.448082095366 
393.00040553626064 1503.0 1006.3036804063247 2415.169898688097 1485.448082095366 
394.00040553626064 1503.0 1006.3036804063247 2415.169898688097 1485.448082095366 
395.00040553626064 1503.0 986.8895944681069 2415.169898688097 1485.448082095366 
396.00040553626064 1503.0 986.8895944681069 2415.169898688097 1485.448082095366 
397.00040553626064 1503.0 986.8895944681069 2415.169898688097 1485.448082095366 
398.00040553626064 1503.0 986.8895944681069 2415.169898688097 1485.448082095366 
399.0002602657071 1503.0 966.9256309948152 2415.169898688097 1485.448082095366 
400.00040553626064 1503.0 966.9256309948152 2415.169898688097 1485.448082095366 
401.00040553626064 1503.0 966.9256309948152 2415.169898688097 1485.448082095366 
402.00040553626064 1503.0 966.9256309948152 2415.169898688097 1485.448082095366 
403.00040553626064 1503.0 946.9616804575821 2415.169898688097 1485.448082095366 
404.00040553626064 1503.0 946.9616804575821 2415.169898688097 1485.448082095366 
405.00040553626064 1503.0 946.9616804575821 2415.169898688097 1485.448082095366 
406.00040553626064 1503.0 946.9616804575821 2415.169898688097 1485.448082095366 
407.00040553626064 1503.0 926.99774344077 2415.169898688097 1485.448082095366 
408.00040553626064 1503.0 926.99774344077 2415.169898688097 1485.448082095366 
409.0002602657071 1503.0 926.99774344077 2415.169898688097 1485.448082095366 
410.00040553626064 1503.0 926.99774344077 2415.169898688097 1485.448082095366 
411.00040553626064 1503.0 907.0338205810503 2415.169898688097 1485.448082095366 
412.00040553626064 1503.0 907.0338205810503 2415.169898688097 1485.448082095366 
413.00040553626064 1503.0 907.0338205810503 2415.169898688097 1485.448082095366 
414.00040553626064 1503.0 907.0338205810503 2415.169898688097 1485.448082095366 
415.00040553626064 1503.0 887.1438761987914 2415.169898688097 1485.448082095366 
416.00040553626064 1503.0 887.1438761987914 2415.169898688097 1485.448082095366 
417.00040553626064 1503.0 887.1438761987914 2415.169898688097 1485.448082095366 
418.00040553626064 1503.0 887.1438761987914 2415.169898688097 1485.448082095366 
419.0002602657071 1503.0 867.1799832598394 2415.169898688097 1485.448082095366 
420.00040553626064 1503.0 867.1799832598394 2415.169898688097 1485.448082095366 
421.00040553626064 1503.0 867.1799832598394 2415.169898688097 1485.448082095366 
422.00040553626064 1503.0 867.1799832598394 2415.169898688097 1485.448082095366 
423.00040553626064 1503.0 847.2161067311023 2415.169898688097 1485.448082095366 
424.00040553626064 1503.0 847.2161067311023 2415.169898688097 1485.448082095366 
425.00040553626064 1503.0 847.2161067311023 2415.169898688097 1485.448082095366 
426.00040553626064 1503.0 847.2161067311023 2415.169898688097 1485.448082095366 
427.00040553626064 1503.0 827.2522475189153 2415.169898688097 1485.448082095366 
428.00040553626064 1503.0 827.2522475189153 2415.169898688097 1485.448082095366 
429.0002602657071 1503.0 827.2522475189153 2415.169898688097 1485.448082095366 
430.00040553626064 1503.0 827.2522475189153 2415.169898688097 1485.448082095366 
431.00040553626064 1503.0 807.3555527856267 2415.169898688097 1485.448082095366 
432.00040553626064 1503.0 807.3555527856267 2415.169898688097 1485.448082095366 
433.00040553626064 1503.0 807.3555527856267 2415.169898688097 1485.448082095366 
434.00040553626064 1503.0 807.3555527856267 2415.169898688097 1485.448082095366 
435.00040553626064 1503.0 787.3849003695173 2415.169898688097 1485.448082095366 
436.00040553626064 1503.0 787.3849003695173 2415.169898688097 1485.448082095366 
437.00040553626064 1503.0 787.3849003695173 2415.169898688097 1485.448082095366 
438.00040553626064 1503.0 787.3849003695173 2415.169898688097 1485.448082095366 
439.0002602657071 1503.0 767.414252232158 2415.169898688097 1485.448082095366 
440.00040553626064 1503.0 767.414252232158 2415.169898688097 1485.448082095366 
441.00040553626064 1503.0 767.414252232158 2415.169898688097 1485.448082095366 
442.00040553626064 1503.0 767.414252232158 2415.169898688097 1485.448082095366 
443.00040553626064 1503.0 747.4436083737133 2415.169898688097 1485.448082095366 
444.00040553626064 1503.0 747.4436083737133 2415.169898688097 1485.448082095366 
445.00040553626064 1503.0 747.4436083737133 2415.169898688097 1485.448082095366 
446.00040553626064 1503.0 747.4436083737133 2415.169898688097 1485.448082095366 
447.00040553626064 1503.0 727.5469308005754 2415.169898688097 1485.448082095366 
448.00040553626064 1503.0 727.5469308005754 2415.169898688097 1485.448082095366 
449.0002602657071 1503.0 727.5469308005754 2415.169898688097 1485.448082095366 
450.00040553626064 1503.0 727.5469308005754 2415.169898688097 1485.448082095366 
451.00040553626064 1503.0 707.5762955075988 2415.169898688097 1485.448082095366 
452.00040553626064 1503.0 707.5762955075988 2415.169898688097 1485.448082095366 
453.00040553626064 1503.0 707.5762955075988 2415.169898688097 1485.448082095366 
454.00040553626064 1503.0 707.5762955075988 2415.169898688097 1485.448082095366 
455.00040553626064 1503.0 687.6056644956484 2415.169898688097 1485.448082095366 
456.00040553626064 1503.0 687.6056644956484 2415.169898688097 1485.448082095366 
457.00040553626064 1503.0 687.6056644956484 2415.169898688097 1485.448082095366 
458.00040553626064 1503.0 687.6056644956484 2415.169898688097 1485.448082095366 
459.0002602657071 1503.0 667.6350377658408 2415.169898688097 1485.448082095366 
460.00040553626064 1503.0 667.6350377658408 2415.169898688097 1485.448082095366 
461.00040553626064 1503.0 667.6350377658408 2415.169898688097 1485.448082095366 
462.00040553626064 1503.0 667.6350377658408 2415.169898688097 1485.448082095366 
463.00040553626064 1503.0 647.6644153185656 2415.169898688097 1485.448082095366 
464.00040553626064 1503.0 647.6644153185656 2415.169898688097 1485.448082095366 
465.00040553626064 1503.0 647.6644153185656 2415.169898688097 1485.448082095366 
466.00040553626064 1503.0 647.6644153185656 2415.169898688097 1485.448082095366 
467.00040553626064 1503.0 627.7677592335168 2415.169898688097 1485.448082095366 
468.00040553626064 1503.0 627.7677592335168 2415.169898688097 1485.448082095366 
469.0002602657071 1503.0 627.7677592335168 2415.169898688097 1485.448082095366 
470.00040553626064 1503.0 627.7677592335168 2415.169898688097 1485.448082095366 
471.00040553626064 1503.0 607.7971453667823 2415.169898688097 1485.448082095366 
472.00040553626064 1503.0 607.7971453667823 2415.169898688097 1485.448082095366 
473.00040553626064 1503.0 607.7971453667823 2415.169898688097 1485.448082095366 
474.00040553626064 1503.0 607.7971453667823 2415.169898688097 1485.448082095366 
475.00040553626064 1503.0 587.8333459661479 2415.169898688097 1485.448082095366 
476.00040553626064 1503.0 587.8333459661479 2415.169898688097 1485.448082095366 
477.00040553626064 1503.0 587.8333459661479 2415.169898688097 1485.448082095366 
478.00040553626064 1503.0 587.8333459661479 2415.169898688097 1485.448082095366 
479.0002602657071 1503.0 567.8627402718664 2415.169898688097 1485.448082095366 
480.00040553626064 1503.0 567.8627402718664 2415.169898688097 1485.448082095366 
481.00040553626064 1503.0 567.8627402718664 2415.169898688097 1485.448082095366 
482.00040553626064 1503.0 567.8627402718664 2415.169898688097 1485.448082095366 
483.00040553626064 1503.0 547.9661001076115 2415.169898688097 1485.448082095366 
484.00040553626064 1503.0 547.9661001076115 2415.169898688097 1485.448082095366 
485.00040553626064 1503.0 547.9661001076115 2415.169898688097 1485.448082095366 
486.00040553626064 1503.0 547.9661001076115 2415.169898688097 1485.448082095366 
487.00040553626064 1503.0 527.9955029483924 2415.169898688097 1485.448082095366 
488.00040553626064 1503.0 527.9955029483924 2415.169898688097 1485.448082095366 
489.0002602657071 1503.0 527.9955029483924 2415.169898688097 1485.448082095366 
490.00040553626064 1503.0 527.9955029483924 2415.169898688097 1485.448082095366 
491.00040553626064 1503.0 508.0249100637449 2415.169898688097 1485.448082095366 
492.00040553626064 1503.0 508.0249100637449 2415.169898688097 1485.448082095366 
493.00040553626064 1503.0 508.0249100637449 2415.169898688097 1485.448082095366 
494.00040553626064 1503.0 508.0249100637449 2415.169898688097 1485.448082095366 
495.00040553626064 1503.0 488.05432145364625 2415.169898688097 1485.448082095366 
496.00040553626064 1503.0 488.05432145364625 2415.169898688097 1485.448082095366 
497.00040553626064 1503.0 488.05432145364625 2415.169898688097 1485.448082095366 
498.00040553626064 1503.0 488.05432145364625 2415.169898688097 1485.448082095366 
499.0002602657071 1503.0 468.1576983556179 2415.169898688097 1485.448082095366 
500.00040553626064 1503.0 468.1576983556179 2415.169898688097 1485.448082095366 
501.00040553626064 1503.0 468.1576983556179 2415.169898688097 1485.448082095366 
502.00040553626064 1503.0 468.1576983556179 2415.169898688097 1485.448082095366 
503.00040553626064 1503.0 448.1871182800928 2415.169898688097 1485.448082095366 
504.00040553626064 1503.0 448.1871182800928 2415.169898688097 1485.448082095366 
505.00040553626064 1503.0 448.1871182800928 2415.169898688097 1485.448082095366 
506.00040553626064 1503.0 448.1871182800928 2415.169898688097 1485.448082095366 
507.00040553626064 1503.0 428.21654247937914 2415.169898688097 1485.448082095366 
508.00040553626064 1503.0 428.21654247937914 2415.169898688097 1485.448082095366 
509.0002602657071 1503.0 428.21654247937914 2415.169898688097 1485.448082095366 
510.00040553626064 1503.0 428.21654247937914 2415.169898688097 1485.448082095366 
511.00040553626064 1503.0 408.24597095338595 2415.169898688097 1485.448082095366 
512.0004055362606 1503.0 408.24597095338595 2415.169898688097 1485.448082095366 
513.0004055362606 1503.0 408.24597095338595 2415.169898688097 1485.448082095366 
514.0004055362606 1503.0 408.24597095338595 2415.169898688097 1485.448082095366 
515.0004055362606 1503.0 388.34936492604186 2415.169898688097 1485.448082095366 
516.0004055362606 1503.0 388.34936492604186 2415.169898688097 1485.448082095366 
517.0004055362606 1503.0 388.34936492604186 2415.169898688097 1485.448082095366 
518.0004055362606 1503.0 388.34936492604186 2415.169898688097 1485.448082095366 
519.0002602657071 1503.0 368.3788019340962 2415.169898688097 1485.448082095366 
520.0004055362606 1503.0 368.3788019340962 2415.169898688097 1485.448082095366 
521.0004055362606 1503.0 368.3788019340962 2415.169898688097 1485.448082095366 
522.0004055362606 1503.0 368.3788019340962 2415.169898688097 1485.448082095366 
523.0004055362606 1503.0 348.4082432163223 2415.169898688097 1485.448082095366 
524.0004055362606 1503.0 348.4082432163223 2415.169898688097 1485.448082095366 
525.0004055362606 1503.0 348.4082432163223 2415.169898688097 1485.448082095366 
526.0004055362606 1503.0 348.4082432163223 2415.169898688097 1485.448082095366 
527.0004055362606 1503.0 328.437688773433 2415.169898688097 1485.448082095366 
528.0004055362606 1503.0 328.437688773433 2415.169898688097 1485.448082095366 
529.0002602657071 1503.0 328.437688773433 2415.169898688097 1485.448082095366 
530.0004055362606 1503.0 328.437688773433 2415.169898688097 1485.448082095366 
531.0004055362606 1503.0 308.467138605346 2415.169898688097 1485.448082095366 
532.0004055362606 1503.0 308.467138605346 2415.169898688097 1485.448082095366 
533.0004055362606 1503.0 308.467138605346 2415.169898688097 1485.448082095366 
534.0004055362606 1503.0 308.467138605346 2415.169898688097 1485.448082095366 
535.0004055362606 1503.0 288.57055391673543 2415.169898688097 1485.448082095366 
536.0004055362606 1503.0 288.57055391673543 2415.169898688097 1485.448082095366 
537.0004055362606 1503.0 288.57055391673543 2415.169898688097 1485.448082095366 
538.0004055362606 1503.0 288.57055391673543 2415.169898688097 1485.448082095366 
539.0002602657071 1503.0 268.60001228164566 2415.169898688097 1485.448082095366 
540.0004055362606 1503.0 268.60001228164566 2415.169898688097 1485.448082095366 
541.0004055362606 1503.0 268.60001228164566 2415.169898688097 1485.448082095366 
542.0004055362606 1503.0 268.60001228164566 2415.169898688097 1485.448082095366 
543.0004055362606 1503.0 248.62947492065612 2415.169898688097 1485.448082095366 
544.0004055362606 1503.0 248.62947492065612 2415.169898688097 1485.448082095366 
545.0004055362606 1503.0 248.62947492065612 2415.169898688097 1485.448082095366 
546.0004055362606 1503.0 248.62947492065612 2415.169898688097 1485.448082095366 
547.0004055362606 1503.0 228.65894183437555 2415.169898688097 1485.448082095366 
548.0004055362606 1503.0 228.65894183437555 2415.169898688097 1485.448082095366 
549.0002602657071 1503.0 228.65894183437555 2415.169898688097 1485.448082095366 
550.0004055362606 1503.0 228.65894183437555 2415.169898688097 1485.448082095366 
551.0004055362606 1503.0 208.76237424570536 2415.169898688097 1485.448082095366 
552.0004055362606 1503.0 208.76237424570536 2415.169898688097 1485.448082095366 
553.0004055362606 1503.0 208.76237424570536 2415.169898688097 1485.448082095366 
554.0004055362606 1503.0 208.76237424570536 2415.169898688097 1485.448082095366 
555.0004055362606 1503.0 188.79184969314227 2415.169898688097 1485.448082095366 
556.0004055362606 1503.0 188.79184969314227 2415.169898688097 1485.448082095366 
557.0004055362606 1503.0 188.79184969314227 2415.169898688097 1485.448082095366 
558.0004055362606 1503.0 188.79184969314227 2415.169898688097 1485.448082095366 
559.0002602657071 1503.0 168.82132941431823 2415.169898688097 1485.448082095366 
560.0004055362606 1503.0 168.82132941431823 2415.169898688097 1485.448082095366 
561.0004055362606 1503.0 168.82132941431823 2415.169898688097 1485.448082095366 
562.0004055362606 1503.0 168.82132941431823 2415.169898688097 1485.448082095366 
563.0004055362606 1503.0 148.85081340899217 2415.169898688097 1485.448082095366 
564.0004055362606 1503.0 148.85081340899217 2415.169898688097 1485.448082095366 
565.0004055362606 1503.0 148.85081340899217 2415.169898688097 1485.448082095366 
566.0004055362606 1503.0 148.85081340899217 2415.169898688097 1485.448082095366 
567.0004055362606 1503.0 128.95426298144852 2415.169898688097 1485.448082095366 
568.0004055362606 1503.0 128.95426298144852 2415.169898688097 1485.448082095366 
569.0002602657071 1503.0 128.95426298144852 2415.169898688097 1485.448082095366 
570.0004055362606 1503.0 128.95426298144852 2415.169898688097 1485.448082095366 
571.0004055362606 1503.0 108.98375552244822 2415.169898688097 1485.448082095366 
572.0004055362606 1503.0 108.98375552244822 2415.169898688097 1485.448082095366 
573.0004055362606 1503.0 108.98375552244822 2415.169898688097 1485.448082095366 
574.0004055362606 1503.0 108.98375552244822 2415.169898688097 1485.448082095366 
575.0004055362606 1503.0 89.01325234080579 2415.169898688097 1485.448082095366 
576.0004055362606 1503.0 89.01325234080579 2415.169898688097 1485.448082095366 
577.0004055362606 1503.0 89.01325234080579 2415.169898688097 1485.448082095366 
578.0004055362606 1503.0 89.01325234080579 2415.169898688097 1485.448082095366 
579.0002602657071 1503.0 69.04275343925723 2415.169898688097 1485.448082095366 
580.0004055362606 1503.0 69.04275343925723 2415.169898688097 1485.448082095366 
581.0004055362606 1503.0 69.04275343925723 2415.169898688097 1485.448082095366 
582.0004055362606 1503.0 69.04275343925723 2415.169898688097 1485.448082095366 
583.0004055362606 1503.0 49.146220575246694 2415.169898688097 1485.448082095366 
584.0004055362606 1503.0 49.146220575246694 2415.169898688097 1485.448082095366 
585.0004055362606 1503.0 49.146220575246694 2415.169898688097 1485.448082095366 
586.0004055362606 1503.0 49.146220575246694 2415.169898688097 1485.448082095366 
587.0004055362606 1503.0 29.18272258366686 2415.169898688097 1485.448082095366 
588.0004055362606 1503.0 29.18272258366686 2415.169898688097 1485.448082095366 
589.0002602657071 1503.0 29.18272258366686 2415.169898688097 1485.448082095366 
590.0004055362606 1503.0 29.18272258366686 2415.169898688097 1485.448082095366 
591.0004055362606 1503.0 9.212631444633743 2415.169898688097 1485.448082095366 
592.0004055362606 1503.0 9.212631444633743 2415.169898688097 1485.448082095366 
593.0004055362606 1503.0 9.212631444633743 2415.169898688097 1485.448082095366 
594.0004055362606 1503.0 9.212631444633743 2415.169898688097 1485.448082095366 
595.0004055362606 1503.0 0.0 2415.169898688097 1485.448082095366 
596.0004055362606 1502.0 0.0 2415.169898688097 1485.448082095366 
597.0004055362606 1502.0 0.0 2415.169898688097 1485.448082095366 
598.0004055362606 1502.0 0.0 2415.169898688097 1485.448082095366 
599.0002602657071 1502.0 0.0 2415.169898688097 1485.448082095366 
600.0004055362606 1502.0 0.0 2415.169898688097 1485.448082095366 
601.0004055362606 1502.0 0.0 2415.169898688097 1485.448082095366 
602.0004055362606 1502.0 0.0 2415.169898688097 1485.448082095366 
603.0004055362606 1502.0 0.0 2415.169898688097 1485.448082095366 
604.0004055362606 1502.0 0.0 2415.169898688097 1485.448082095366 
605.0004055362606 1502.0 0.0 2415.169898688097 1485.448082095366 
606.0004055362606 1502.0 0.0 2415.169898688097 1485.448082095366 
607.0004055362606 1502.0 0.0 2415.169898688097 1485.448082095366 
608.0004055362606 1502.0 0.0 2415.169898688097 1485.448082095366 
609.0002602657071 1502.0 0.0 2415.169898688097 1485.448082095366 
610.0004055362606 1502.0 0.0 2415.169898688097 1485.448082095366 
611.0004055362606 1502.0 0.0 2415.169898688097 1485.448082095366 
612.0004055362606 1502.0 0.0 2415.169898688097 1485.448082095366 
613.0004055362606 1502.0 0.0 2415.169898688097 1485.448082095366 
614.0004055362606 1502.0 0.0 2415.169898688097 1485.448082095366 
615.0004055362606 1502.0 0.0 2415.169898688097 1485.448082095366 
616.0004055362606 1502.0 0.0 2415.169898688097 1485.448082095366 
617.0004055362606 1502.0 0.0 2415.169898688097 1485.448082095366 
618.0004055362606 1502.0 0.0 2415.169898688097 1485.448082095366 
619.0002602657071 1502.0 0.0 2415.169898688097 1485.448082095366 
620.0004055362606 1502.0 0.0 2415.169898688097 1485.448082095366 
621.0004055362606 1502.0 0.0 2415.169898688097 1485.448082095366 
622.0004055362606 1502.0 0.0 2415.169898688097 1485.448082095366 
623.0004055362606 1502.0 0.0 2415.169898688097 1485.448082095366 
624.0004055362606 1502.0 0.0 2415.169898688097 1485.448082095366 
625.0004055362606 1502.0 0.0 2415.169898688097 1485.448082095366 
626.0004055362606 1502.0 0.0 2415.169898688097 1485.448082095366 
627.0004055362606 1502.0 0.0 2415.169898688097 1485.448082095366 
628.0004055362606 1502.0 0.0 2415.169898688097 1485.448082095366 
629.0002602657071 1502.0 0.0 2415.169898688097 1485.448082095366 
630.0004055362606 1502.0 0.0 2415.169898688097 1485.448082095366 
631.0004055362606 1502.0 0.0 2415.169898688097 1485.448082095366 
632.0004055362606 1502.0 0.0 2415.169898688097 1485.448082095366 
633.0004055362606 1502.0 0.0 2415.169898688097 1485.448082095366 
634.0004055362606 1502.0 0.0 2415.169898688097 1485.448082095366 
635.0004055362606 1502.0 0.0 2415.169898688097 1485.448082095366 
636.0004055362606 1502.0 0.0 2415.169898688097 1485.448082095366 
637.0004055362606 1502.0 0.0 2415.169898688097 1485.448082095366 
638.0004055362606 1502.0 0.0 2415.169898688097 1485.448082095366 
639.0002602657071 1502.0 0.0 2415.169898688097 1485.448082095366 
640.0004055362606 1502.0 0.0 2415.169898688097 1485.448082095366 
641.0004055362606 1502.0 0.0 2415.169898688097 1485.448082095366 
642.0004055362606 1502.0 0.0 2415.169898688097 1485.448082095366 
643.0004055362606 1502.0 0.0 2415.169898688097 1485.448082095366 
644.0004055362606 1502.0 0.0 2415.169898688097 1485.448082095366 
645.0004055362606 1502.0 0.0 2415.169898688097 1485.448082095366 
646.0004055362606 1502.0 0.0 2415.169898688097 1485.448082095366 
647.0004055362606 1502.0 0.0 2415.169898688097 1485.448082095366 
648.0004055362606 1502.0 0.0 2415.169898688097 1485.448082095366 
649.0002602657071 1502.0 0.0 2415.169898688097 1485.448082095366 
650.0004055362606 1502.0 0.0 2415.169898688097 1485.448082095366 
651.0004055362606 1502.0 0.0 2415.169898688097 1485.448082095366 
652.0004055362606 1502.0 0.0 2415.169898688097 1485.448082095366 
653.0004055362606 1502.0 0.0 2415.169898688097 1485.448082095366 
654.0004055362606 1502.0 0.0 2415.169898688097 1485.448082095366 
655.0004055362606 1502.0 0.0 2415.169898688097 1485.448082095366 
656.0004055362606 1502.0 0.0 2415.169898688097 1485.448082095366 
657.0004055362606 1502.0 0.0 2415.169898688097 1485.448082095366 
658.0004055362606 1502.0 0.0 2415.169898688097 1485.448082095366 
659.0002602657071 1502.0 0.0 2415.169898688097 1485.448082095366 
660.0004055362606 1502.0 0.0 2415.169898688097 1485.448082095366 
661.0004055362606 1502.0 0.0 2415.169898688097 1485.448082095366 
662.0004055362606 1502.0 0.0 2415.169898688097 1485.448082095366 
663.0004055362606 1502.0 0.0 2415.169898688097 1485.448082095366 
664.0004055362606 1502.0 0.0 2415.169898688097 1485.448082095366 
665.0004055362606 1502.0 0.0 2415.169898688097 1485.448082095366 
666.0004055362606 1502.0 0.0 2415.169898688097 1485.448082095366 
667.0004055362606 1502.0 0.0 2415.169898688097 1485.448082095366 
668.0004055362606 1502.0 0.0 2415.169898688097 1485.448082095366 
669.0002602657071 1502.0 0.0 2415.169898688097 1485.448082095366 
670.0004055362606 1502.0 0.0 2415.169898688097 1485.448082095366 
671.0004055362606 1502.0 0.0 2415.169898688097 1485.448082095366 
672.0004055362606 1502.0 0.0 2415.169898688097 1485.448082095366 
673.0004055362606 1502.0 0.0 2415.169898688097 1485.448082095366 
674.0004055362606 1502.0 0.0 2415.169898688097 1485.448082095366 
675.0004055362606 1502.0 0.0 2415.169898688097 1485.448082095366 
676.0004055362606 1502.0 0.0 2415.169898688097 1485.448082095366 
677.0004055362606 1502.0 0.0 2415.169898688097 1485.448082095366 
678.0004055362606 1502.0 0.0 2415.169898688097 1485.448082095366 
679.0002602657071 1502.0 0.0 2415.169898688097 1485.448082095366 
680.0004055362606 1502.0 0.0 2415.169898688097 1485.448082095366 
681.0004055362606 1502.0 0.0 2415.169898688097 1485.448082095366 
682.0004055362606 1502.0 0.0 2415.169898688097 1485.448082095366 
683.0004055362606 1502.0 0.0 2415.169898688097 1485.448082095366 
684.0004055362606 1502.0 0.0 2415.169898688097 1485.448082095366 
685.0004055362606 1502.0 0.0 2415.169898688097 1485.448082095366 
686.0004055362606 1502.0 0.0 2415.169898688097 1485.448082095366 
687.0004055362606 1502.0 0.0 2415.169898688097 1485.448082095366 
688.0004055362606 1502.0 0.0 2415.169898688097 1485.448082095366 
689.0002602657071 1502.0 0.0 2415.169898688097 1485.448082095366 
690.0004055362606 1502.0 0.0 2415.169898688097 1485.448082095366 
691.0004055362606 1502.0 0.0 2415.169898688097 1485.448082095366 
692.0004055362606 1502.0 0.0 2415.169898688097 1485.448082095366 
693.0004055362606 1502.0 0.0 2415.169898688097 1485.448082095366 
694.0004055362606 1502.0 0.0 2415.169898688097 1485.448082095366 
695.0004055362606 1502.0 0.0 2415.169898688097 1485.448082095366 
696.0004055362606 1502.0 0.0 2415.169898688097 1485.448082095366 
697.0004055362606 1502.0 0.0 2415.169898688097 1485.448082095366 
698.0004055362606 1502.0 0.0 2415.169898688097 1485.448082095366 
699.0002602657071 1502.0 0.0 2415.169898688097 1485.448082095366 
700.0004055362606 1502.0 0.0 2415.169898688097 1485.448082095366 
701.0004055362606 1502.0 0.0 2415.169898688097 1485.448082095366 
702.0004055362606 1502.0 0.0 2415.169898688097 1485.448082095366 
703.0004055362606 1502.0 0.0 2415.169898688097 1485.448082095366 
704.0004055362606 1502.0 0.0 2415.169898688097 1485.448082095366 
705.0004055362606 1502.0 0.0 2415.169898688097 1485.448082095366 
706.0004055362606 1502.0 0.0 2415.169898688097 1485.448082095366 
707.0004055362606 1502.0 0.0 2415.169898688097 1485.448082095366 
708.0004055362606 1502.0 0.0 2415.169898688097 1485.448082095366 
709.0002602657071 1502.0 0.0 2415.169898688097 1485.448082095366 
710.0004055362606 1502.0 0.0 2415.169898688097 1485.448082095366 
711.0004055362606 1502.0 0.0 2415.169898688097 1485.448082095366 
712.0004055362606 1502.0 0.0 2415.169898688097 1485.448082095366 
713.0004055362606 1502.0 0.0 2415.169898688097 1485.448082095366 
714.0004055362606 1502.0 0.0 2415.169898688097 1485.448082095366 
715.0004055362606 1502.0 0.0 2415.169898688097 1485.448082095366 
716.0004055362606 1502.0 0.0 2415.169898688097 1485.448082095366 
717.0004055362606 1502.0 0.0 2415.169898688097 1485.448082095366 
718.0004055362606 1502.0 0.0 2415.169898688097 1485.448082095366 
719.0002602657071 1502.0 0.0 2415.169898688097 1485.448082095366 
720.0004055362606 1502.0 0.0 2415.169898688097 1485.448082095366 
721.0004055362606 1502.0 0.0 2415.169898688097 1485.448082095366 
722.0004055362606 1502.0 0.0 2415.169898688097 1485.448082095366 
723.0004055362606 1502.0 0.0 2415.169898688097 1485.448082095366 
724.0004055362606 1502.0 0.0 2415.169898688097 1485.448082095366 
725.0004055362606 1502.0 0.0 2415.169898688097 1485.448082095366 
726.0004055362606 1502.0 0.0 2415.169898688097 1485.448082095366 
727.0004055362606 1502.0 0.0 2415.169898688097 1485.448082095366 
728.0004055362606 1502.0 0.0 2415.169898688097 1485.448082095366 
729.0002602657071 1502.0 0.0 2415.169898688097 1485.448082095366 
730.0004055362606 1502.0 0.0 2415.169898688097 1485.448082095366 
731.0004055362606 1502.0 0.0 2415.169898688097 1485.448082095366 
732.0004055362606 1502.0 0.0 2415.169898688097 1485.448082095366 
733.0004055362606 1502.0 0.0 2415.169898688097 1485.448082095366 
734.0004055362606 1502.0 0.0 2415.169898688097 1485.448082095366 
735.0004055362606 1502.0 0.0 2415.169898688097 1485.448082095366 
736.0004055362606 1502.0 0.0 2415.169898688097 1485.448082095366 
737.0004055362606 1502.0 0.0 2415.169898688097 1485.448082095366 
738.0004055362606 1502.0 0.0 2415.169898688097 1485.448082095366 
739.0002602657071 1502.0 0.0 2415.169898688097 1485.448082095366 
740.0004055362606 1502.0 0.0 2415.169898688097 1485.448082095366 
741.0004055362606 1502.0 0.0 2415.169898688097 1485.448082095366 
742.0004055362606 1502.0 0.0 2415.169898688097 1485.448082095366 
743.0004055362606 1502.0 0.0 2415.169898688097 1485.448082095366 
744.0004055362606 1502.0 0.0 2415.169898688097 1485.448082095366 
745.0004055362606 1502.0 0.0 2415.169898688097 1485.448082095366 
746.0004055362606 1502.0 0.0 2415.169898688097 1485.448082095366 
747.0004055362606 1502.0 0.0 2415.169898688097 1485.448082095366 
748.0004055362606 1502.0 0.0 2415.169898688097 1485.448082095366 
749.0002602657071 1502.0 0.0 2415.169898688097 1485.448082095366 
750.0004055362606 1502.0 0.0 2415.169898688097 1485.448082095366 
751.0004055362606 1502.0 0.0 2415.169898688097 1485.448082095366 
752.0004055362606 1502.0 0.0 2415.169898688097 1485.448082095366 
753.0004055362606 1502.0 0.0 2415.169898688097 1485.448082095366 
754.0004055362606 1502.0 0.0 2415.169898688097 1485.448082095366 
755.0004055362606 1502.0 0.0 2415.169898688097 1485.448082095366 
756.0004055362606 1502.0 0.0 2415.169898688097 1485.448082095366 
757.0004055362606 1502.0 0.0 2415.169898688097 1485.448082095366 
758.0004055362606 1502.0 0.0 2415.169898688097 1485.448082095366 
759.0002602657071 1502.0 0.0 2415.169898688097 1485.448082095366 
760.0004055362606 1502.0 0.0 2415.169898688097 1485.448082095366 
761.0004055362606 1502.0 0.0 2415.169898688097 1485.448082095366 
762.0004055362606 1502.0 0.0 2415.169898688097 1485.448082095366 
763.0004055362606 1502.0 0.0 2415.169898688097 1485.448082095366 
764.0004055362606 1502.0 0.0 2415.169898688097 1485.448082095366 
765.0004055362606 1502.0 0.0 2415.169898688097 1485.448082095366 
766.0004055362606 1502.0 0.0 2415.169898688097 1485.448082095366 
767.0004055362606 1502.0 0.0 2415.169898688097 1485.448082095366 
768.0004055362606 1502.0 0.0 2415.169898688097 1485.448082095366 
769.0002602657071 1502.0 0.0 2415.169898688097 1485.448082095366 
770.0004055362606 1502.0 0.0 2415.169898688097 1485.448082095366 
771.0004055362606 1502.0 0.0 2415.169898688097 1485.448082095366 
772.0004055362606 1502.0 0.0 2415.169898688097 1485.448082095366 
773.0004055362606 1502.0 0.0 2415.169898688097 1485.448082095366 
774.0004055362606 1502.0 0.0 2415.169898688097 1485.448082095366 
775.0004055362606 1502.0 0.0 2415.169898688097 1485.448082095366 
776.0004055362606 1502.0 0.0 2415.169898688097 1485.448082095366 
777.0004055362606 1502.0 0.0 2415.169898688097 1485.448082095366 
778.0004055362606 1502.0 0.0 2415.169898688097 1485.448082095366 
779.0002602657071 1502.0 0.0 2415.169898688097 1485.448082095366 
780.0004055362606 1502.0 0.0 2415.169898688097 1485.448082095366 
781.0004055362606 1502.0 0.0 2415.169898688097 1485.448082095366 
782.0004055362606 1502.0 0.0 2415.169898688097 1485.448082095366 
783.0004055362606 1502.0 0.0 2415.169898688097 1485.448082095366 
784.0004055362606 1502.0 0.0 2415.169898688097 1485.448082095366 
785.0004055362606 1502.0 0.0 2415.169898688097 1485.448082095366 
786.0004055362606 1502.0 0.0 2415.169898688097 1485.448082095366 
787.0004055362606 1502.0 0.0 2415.169898688097 1485.448082095366 
788.0004055362606 1502.0 0.0 2415.169898688097 1485.448082095366 
789.0002602657071 1502.0 0.0 2415.169898688097 1485.448082095366 
790.0004055362606 1502.0 0.0 2415.169898688097 1485.448082095366 
791.0004055362606 1502.0 0.0 2415.169898688097 1485.448082095366 
792.0004055362606 1502.0 0.0 2415.169898688097 1485.448082095366 
793.0004055362606 1502.0 0.0 2415.169898688097 1485.448082095366 
794.0004055362606 1502.0 0.0 2415.169898688097 1485.448082095366 
795.0004055362606 1502.0 0.0 2415.169898688097 1485.448082095366 
796.0004055362606 1502.0 0.0 2415.169898688097 1485.448082095366 
797.0004055362606 1502.0 0.0 2415.169898688097 1485.448082095366 
798.0004055362606 1502.0 0.0 2415.169898688097 1485.448082095366 
799.0002602657071 1502.0 0.0 2415.169898688097 1485.448082095366 
800.0004055362606 1502.0 0.0 2415.169898688097 1485.448082095366 
801.0004055362606 1502.0 0.0 2415.169898688097 1485.448082095366 
802.0004055362606 1502.0 0.0 2415.169898688097 1485.448082095366 
803.0004055362606 1502.0 0.0 2415.169898688097 1485.448082095366 
804.0004055362606 1502.0 0.0 2415.169898688097 1485.448082095366 
805.0004055362606 1502.0 0.0 2415.169898688097 1485.448082095366 
806.0004055362606 1502.0 0.0 2415.169898688097 1485.448082095366 
807.0004055362606 1502.0 0.0 2415.169898688097 1485.448082095366 
808.0004055362606 1502.0 0.0 2415.169898688097 1485.448082095366 
809.0002602657071 1502.0 0.0 2415.169898688097 1485.448082095366 
810.0004055362606 1502.0 0.0 2415.169898688097 1485.448082095366 
811.0004055362606 1502.0 0.0 2415.169898688097 1485.448082095366 
812.0004055362606 1502.0 0.0 2415.169898688097 1485.448082095366 
813.0004055362606 1502.0 0.0 2415.169898688097 1485.448082095366 
814.0004055362606 1502.0 0.0 2415.169898688097 1485.448082095366 
815.0004055362606 1502.0 0.0 2415.169898688097 1485.448082095366 
816.0004055362606 1502.0 0.0 2415.169898688097 1485.448082095366 
817.0004055362606 1502.0 0.0 2415.169898688097 1485.448082095366 
818.0004055362606 1502.0 0.0 2415.169898688097 1485.448082095366 
819.0002602657071 1502.0 0.0 2415.169898688097 1485.448082095366 
820.0004055362606 1502.0 0.0 2415.169898688097 1485.448082095366 
821.0004055362606 1502.0 0.0 2415.169898688097 1485.448082095366 
822.0004055362606 1502.0 0.0 2415.169898688097 1485.448082095366 
823.0004055362606 1502.0 0.0 2415.169898688097 1485.448082095366 
824.0004055362606 1502.0 0.0 2415.169898688097 1485.448082095366 
825.0004055362606 1502.0 0.0 2415.169898688097 1485.448082095366 
826.0004055362606 1502.0 0.0 2415.169898688097 1485.448082095366 
827.0004055362606 1502.0 0.0 2415.169898688097 1485.448082095366 
828.0004055362606 1502.0 0.0 2415.169898688097 1485.448082095366 
829.0002602657071 1502.0 0.0 2415.169898688097 1485.448082095366 
830.0004055362606 1502.0 0.0 2415.169898688097 1485.448082095366 
831.0004055362606 1502.0 0.0 2415.169898688097 1485.448082095366 
832.0004055362606 1502.0 0.0 2415.169898688097 1485.448082095366 
833.0004055362606 1502.0 0.0 2415.169898688097 1485.448082095366 
834.0004055362606 1502.0 0.0 2415.169898688097 1485.448082095366 
835.0004055362606 1502.0 0.0 2415.169898688097 1485.448082095366 
836.0004055362606 1502.0 0.0 2415.169898688097 1485.448082095366 
837.0004055362606 1502.0 0.0 2415.169898688097 1485.448082095366 
838.0004055362606 1502.0 0.0 2415.169898688097 1485.448082095366 
839.0002602657071 1502.0 0.0 2415.169898688097 1485.448082095366 
840.0004055362606 1502.0 0.0 2415.169898688097 1485.448082095366 
841.0004055362606 1502.0 0.0 2415.169898688097 1485.448082095366 
842.0004055362606 1502.0 0.0 2415.169898688097 1485.448082095366 
843.0004055362606 1502.0 0.0 2415.169898688097 1485.448082095366 
844.0004055362606 1502.0 0.0 2415.169898688097 1485.448082095366 
845.0004055362606 1502.0 0.0 2415.169898688097 1485.448082095366 
846.0004055362606 1502.0 0.0 2415.169898688097 1485.448082095366 
847.0004055362606 1502.0 0.0 2415.169898688097 1485.448082095366 
848.0004055362606 1502.0 0.0 2415.169898688097 1485.448082095366 
849.0002602657071 1502.0 0.0 2415.169898688097 1485.448082095366 
850.0004055362606 1502.0 0.0 2415.169898688097 1485.448082095366 
851.0004055362606 1502.0 0.0 2415.169898688097 1485.448082095366 
852.0004055362606 1502.0 0.0 2415.169898688097 1485.448082095366 
853.0004055362606 1502.0 0.0 2415.169898688097 1485.448082095366 
854.0004055362606 1502.0 0.0 2415.169898688097 1485.448082095366 
855.0004055362606 1502.0 0.0 2415.169898688097 1485.448082095366 
856.0004055362606 1502.0 0.0 2415.169898688097 1485.448082095366 
857.0004055362606 1502.0 0.0 2415.169898688097 1485.448082095366 
858.0004055362606 1502.0 0.0 2415.169898688097 1485.448082095366 
859.0002602657071 1502.0 0.0 2415.169898688097 1485.448082095366 
860.0004055362606 1502.0 0.0 2415.169898688097 1485.448082095366 
861.0004055362606 1502.0 0.0 2415.169898688097 1485.448082095366 
862.0004055362606 1502.0 0.0 2415.169898688097 1485.448082095366 
863.0004055362606 1502.0 0.0 2415.169898688097 1485.448082095366 
864.0004055362606 1502.0 0.0 2415.169898688097 1485.448082095366 
865.0004055362606 1502.0 0.0 2415.169898688097 1485.448082095366 
866.0004055362606 1502.0 0.0 2415.169898688097 1485.448082095366 
867.0004055362606 1502.0 0.0 2415.169898688097 1485.448082095366 
868.0004055362606 1502.0 0.0 2415.169898688097 1485.448082095366 
869.0002602657071 1502.0 0.0 2415.169898688097 1485.448082095366 
870.0004055362606 1502.0 0.0 2415.169898688097 1485.448082095366 
871.0004055362606 1502.0 0.0 2415.169898688097 1485.448082095366 
872.0004055362606 1502.0 0.0 2415.169898688097 1485.448082095366 
873.0004055362606 1502.0 0.0 2415.169898688097 1485.448082095366 
874.0004055362606 1502.0 0.0 2415.169898688097 1485.448082095366 
875.0004055362606 1502.0 0.0 2415.169898688097 1485.448082095366 
876.0004055362606 1502.0 0.0 2415.169898688097 1485.448082095366 
877.0004055362606 1502.0 0.0 2415.169898688097 1485.448082095366 
878.0004055362606 1502.0 0.0 2415.169898688097 1485.448082095366 
879.0002602657071 1502.0 0.0 2415.169898688097 1485.448082095366 
880.0004055362606 1502.0 0.0 2415.169898688097 1485.448082095366 
881.0004055362606 1502.0 0.0 2415.169898688097 1485.448082095366 
882.0004055362606 1502.0 0.0 2415.169898688097 1485.448082095366 
883.0004055362606 1502.0 0.0 2415.169898688097 1485.448082095366 
884.0004055362606 1502.0 0.0 2415.169898688097 1485.448082095366 
885.0004055362606 1502.0 0.0 2415.169898688097 1485.448082095366 
886.0004055362606 1502.0 0.0 2415.169898688097 1485.448082095366 
887.0004055362606 1502.0 0.0 2415.169898688097 1485.448082095366 
888.0004055362606 1502.0 0.0 2415.169898688097 1485.448082095366 
889.0002602657071 1502.0 0.0 2415.169898688097 1485.448082095366 
890.0004055362606 1502.0 0.0 2415.169898688097 1485.448082095366 
891.0004055362606 1502.0 0.0 2415.169898688097 1485.448082095366 
892.0004055362606 1502.0 0.0 2415.169898688097 1485.448082095366 
893.0004055362606 1502.0 0.0 2415.169898688097 1485.448082095366 
894.0004055362606 1502.0 0.0 2415.169898688097 1485.448082095366 
895.0004055362606 1502.0 0.0 2415.169898688097 1485.448082095366 
896.0004055362606 1502.0 0.0 2415.169898688097 1485.448082095366 
897.0004055362606 1502.0 0.0 2415.169898688097 1485.448082095366 
898.0004055362606 1502.0 0.0 2415.169898688097 1485.448082095366 
899.0002602657071 1502.0 0.0 2415.169898688097 1485.448082095366 
900.0004055362606 1502.0 0.0 2415.169898688097 1485.448082095366 
901.0004055362606 1502.0 0.0 2415.169898688097 1485.448082095366 
902.0004055362606 1502.0 0.0 2415.169898688097 1485.448082095366 
903.0004055362606 1502.0 0.0 2415.169898688097 1485.448082095366 
904.0004055362606 1502.0 0.0 2415.169898688097 1485.448082095366 
905.0004055362606 1502.0 0.0 2415.169898688097 1485.448082095366 
906.0004055362606 1502.0 0.0 2415.169898688097 1485.448082095366 
907.0004055362606 1502.0 0.0 2415.169898688097 1485.448082095366 
908.0004055362606 1502.0 0.0 2415.169898688097 1485.448082095366 
909.0002602657071 1502.0 0.0 2415.169898688097 1485.448082095366 
910.0004055362606 1502.0 0.0 2415.169898688097 1485.448082095366 
911.0004055362606 1502.0 0.0 2415.169898688097 1485.448082095366 
912.0004055362606 1502.0 0.0 2415.169898688097 1485.448082095366 
913.0004055362606 1502.0 0.0 2415.169898688097 1485.448082095366 
914.0004055362606 1502.0 0.0 2415.169898688097 1485.448082095366 
915.0004055362606 1502.0 0.0 2415.169898688097 1485.448082095366 
916.0004055362606 1502.0 0.0 2415.169898688097 1485.448082095366 
917.0004055362606 1502.0 0.0 2415.169898688097 1485.448082095366 
918.0004055362606 1502.0 0.0 2415.169898688097 1485.448082095366 
919.0002602657071 1502.0 0.0 2415.169898688097 1485.448082095366 
920.0004055362606 1502.0 0.0 2415.169898688097 1485.448082095366 
921.0004055362606 1502.0 0.0 2415.169898688097 1485.448082095366 
922.0004055362606 1502.0 0.0 2415.169898688097 1485.448082095366 
923.0004055362606 1502.0 0.0 2415.169898688097 1485.448082095366 
924.0004055362606 1502.0 0.0 2415.169898688097 1485.448082095366 
925.0004055362606 1502.0 0.0 2415.169898688097 1485.448082095366 
926.0004055362606 1502.0 0.0 2415.169898688097 1485.448082095366 
927.0004055362606 1502.0 0.0 2415.169898688097 1485.448082095366 
928.0004055362606 1502.0 0.0 2415.169898688097 1485.448082095366 
929.0002602657071 1502.0 0.0 2415.169898688097 1485.448082095366 
930.0004055362606 1502.0 0.0 2415.169898688097 1485.448082095366 
931.0004055362606 1502.0 0.0 2415.169898688097 1485.448082095366 
932.0004055362606 1502.0 0.0 2415.169898688097 1485.448082095366 
933.0004055362606 1502.0 0.0 2415.169898688097 1485.448082095366 
934.0004055362606 1502.0 0.0 2415.169898688097 1485.448082095366 
935.0004055362606 1502.0 0.0 2415.169898688097 1485.448082095366 
936.0004055362606 1502.0 0.0 2415.169898688097 1485.448082095366 
937.0004055362606 1502.0 0.0 2415.169898688097 1485.448082095366 
938.0004055362606 1502.0 0.0 2415.169898688097 1485.448082095366 
939.0002602657071 1502.0 0.0 2415.169898688097 1485.448082095366 
940.0004055362606 1502.0 0.0 2415.169898688097 1485.448082095366 
941.0004055362606 1502.0 0.0 2415.169898688097 1485.448082095366 
942.0004055362606 1502.0 0.0 2415.169898688097 1485.448082095366 
943.0004055362606 1502.0 0.0 2415.169898688097 1485.448082095366 
944.0004055362606 1502.0 0.0 2415.169898688097 1485.448082095366 
945.0004055362606 1502.0 0.0 2415.169898688097 1485.448082095366 
946.0004055362606 1502.0 0.0 2415.169898688097 1485.448082095366 
947.0004055362606 1502.0 0.0 2415.169898688097 1485.448082095366 
948.0004055362606 1502.0 0.0 2415.169898688097 1485.448082095366 
949.0002602657071 1502.0 0.0 2415.169898688097 1485.448082095366 
950.0004055362606 1502.0 0.0 2415.169898688097 1485.448082095366 
951.0004055362606 1502.0 0.0 2415.169898688097 1485.448082095366 
952.0004055362606 1502.0 0.0 2415.169898688097 1485.448082095366 
953.0004055362606 1502.0 0.0 2415.169898688097 1485.448082095366 
954.0004055362606 1502.0 0.0 2415.169898688097 1485.448082095366 
955.0004055362606 1502.0 0.0 2415.169898688097 1485.448082095366 
956.0004055362606 1502.0 0.0 2415.169898688097 1485.448082095366 
957.0004055362606 1502.0 0.0 2415.169898688097 1485.448082095366 
958.0004055362606 1502.0 0.0 2415.169898688097 1485.448082095366 
959.0002602657071 1502.0 0.0 2415.169898688097 1485.448082095366 
960.0004055362606 1502.0 0.0 2415.169898688097 1485.448082095366 
961.0004055362606 1502.0 0.0 2415.169898688097 1485.448082095366 
962.0004055362606 1502.0 0.0 2415.169898688097 1485.448082095366 
963.0004055362606 1502.0 0.0 2415.169898688097 1485.448082095366 
964.0004055362606 1502.0 0.0 2415.169898688097 1485.448082095366 
965.0004055362606 1502.0 0.0 2415.169898688097 1485.448082095366 
966.0004055362606 1502.0 0.0 2415.169898688097 1485.448082095366 
967.0004055362606 1502.0 0.0 2415.169898688097 1485.448082095366 
968.0004055362606 1502.0 0.0 2415.169898688097 1485.448082095366 
969.0002602657071 1502.0 0.0 2415.169898688097 1485.448082095366 
970.0004055362606 1502.0 0.0 2415.169898688097 1485.448082095366 
971.0004055362606 1502.0 0.0 2415.169898688097 1485.448082095366 
972.0004055362606 1502.0 0.0 2415.169898688097 1485.448082095366 
973.0004055362606 1502.0 0.0 2415.169898688097 1485.448082095366 
974.0004055362606 1502.0 0.0 2415.169898688097 1485.448082095366 
975.0004055362606 1502.0 0.0 2415.169898688097 1485.448082095366 
976.0004055362606 1502.0 0.0 2415.169898688097 1485.448082095366 
977.0004055362606 1502.0 0.0 2415.169898688097 1485.448082095366 
978.0004055362606 1502.0 0.0 2415.169898688097 1485.448082095366 
979.0002602657071 1502.0 0.0 2415.169898688097 1485.448082095366 
980.0004055362606 1502.0 0.0 2415.169898688097 1485.448082095366 
981.0004055362606 1502.0 0.0 2415.169898688097 1485.448082095366 
982.0004055362606 1502.0 0.0 2415.169898688097 1485.448082095366 
983.0004055362606 1502.0 0.0 2415.169898688097 1485.448082095366 
984.0004055362606 1502.0 0.0 2415.169898688097 1485.448082095366 
985.0004055362606 1502.0 0.0 2415.169898688097 1485.448082095366 
986.0004055362606 1502.0 0.0 2415.169898688097 1485.448082095366 
987.0004055362606 1502.0 0.0 2415.169898688097 1485.448082095366 
988.0004055362606 1502.0 0.0 2415.169898688097 1485.448082095366 
989.0002602657071 1502.0 0.0 2415.169898688097 1485.448082095366 
990.0004055362606 1502.0 0.0 2415.169898688097 1485.448082095366 
991.0004055362606 1502.0 0.0 2415.169898688097 1485.448082095366 
992.0004055362606 1502.0 0.0 2415.169898688097 1485.448082095366 
993.0004055362606 1502.0 0.0 2415.169898688097 1485.448082095366 
994.0004055362606 1502.0 0.0 2415.169898688097 1485.448082095366 
995.0004055362606 1502.0 0.0 2415.169898688097 1485.448082095366 
996.0004055362606 1502.0 0.0 2415.169898688097 1485.448082095366 
997.0004055362606 1502.0 0.0 2415.169898688097 1485.448082095366 
998.0004055362606 1502.0 0.0 2415.169898688097 1485.448082095366 
999.0002602657071 1502.0 0.0 2415.169898688097 1485.448082095366 
1000.0004055362606 1502.0 0.0 2415.169898688097 1485.448082095366 
#####################################################################
# End of data export. Simulation finished at: 2021-05-05T12:46+0000 #
#####################################################################
