#####################################################################
# Alchemist log file - simulation started at: 2021-05-05T07:56+0000 #
#####################################################################
# random = 0.0, gridStep = 0.0055
#
# The columns have the following meaning: 
# time nodes[Max] S1Distance[Max] S2Distance[Max] S3Distance[Max] 
0.0 0.0 0.0 0.0 0.0 
1.000405536260625 1660.0 2659.693607103461 2415.169898688097 1485.448082095366 
2.000405536260625 1660.0 2659.693607103461 2415.169898688097 1485.448082095366 
3.000405536260625 1660.0 2659.693607103461 2415.169898688097 1485.448082095366 
4.000405536260625 1660.0 2659.693607103461 2415.169898688097 1485.448082095366 
5.000405536260625 1660.0 2659.693607103461 2415.169898688097 1485.448082095366 
6.000405536260625 1660.0 2659.693607103461 2415.169898688097 1485.448082095366 
7.000405536260625 1660.0 2659.693607103461 2415.169898688097 1485.448082095366 
8.000405536260626 1660.0 2659.693607103461 2415.169898688097 1485.448082095366 
9.000260265707054 1660.0 2659.693607103461 2415.169898688097 1485.448082095366 
10.000405536260626 1660.0 2659.693607103461 2415.169898688097 1485.448082095366 
11.000405536260626 1661.0 2659.693607103461 2415.169898688097 1485.448082095366 
12.000405536260626 1661.0 2659.693607103461 2415.169898688097 1485.448082095366 
13.000405536260626 1661.0 2659.693607103461 2415.169898688097 1485.448082095366 
14.000405536260626 1661.0 2659.693607103461 2415.169898688097 1485.448082095366 
15.000405536260626 1661.0 2659.693607103461 2415.169898688097 1485.448082095366 
16.000405536260626 1661.0 2662.180761178504 2415.169898688097 1485.448082095366 
17.000405536260626 1661.0 2662.180761178504 2415.169898688097 1485.448082095366 
18.000405536260626 1661.0 2662.180761178504 2415.169898688097 1485.448082095366 
19.000260265707055 1661.0 2662.180761178504 2415.169898688097 1485.448082095366 
20.000405536260626 1661.0 2658.987077752894 2415.169898688097 1485.448082095366 
21.000405536260626 1661.0 2658.987077752894 2415.169898688097 1485.448082095366 
22.000405536260626 1661.0 2658.987077752894 2415.169898688097 1485.448082095366 
23.000405536260626 1661.0 2658.987077752894 2415.169898688097 1485.448082095366 
24.000405536260626 1661.0 2655.9388832290247 2415.169898688097 1485.448082095366 
25.000405536260626 1661.0 2655.9388832290247 2415.169898688097 1485.448082095366 
26.000405536260626 1661.0 2655.9388832290247 2415.169898688097 1485.448082095366 
27.000405536260626 1661.0 2655.9388832290247 2415.169898688097 1485.448082095366 
28.000405536260626 1661.0 2654.90290109982 2415.169898688097 1485.448082095366 
29.000260265707055 1661.0 2654.90290109982 2415.169898688097 1485.448082095366 
30.000405536260626 1661.0 2654.90290109982 2415.169898688097 1485.448082095366 
31.000405536260626 1661.0 2654.90290109982 2415.169898688097 1485.448082095366 
32.00040553626063 1661.0 2635.8248894204025 2415.169898688097 1485.448082095366 
33.00040553626063 1661.0 2635.8248894204025 2415.169898688097 1485.448082095366 
34.00040553626063 1661.0 2635.8248894204025 2415.169898688097 1485.448082095366 
35.00040553626063 1661.0 2635.8248894204025 2415.169898688097 1485.448082095366 
36.00040553626063 1661.0 2616.7602628524323 2415.169898688097 1485.448082095366 
37.00040553626063 1661.0 2616.7602628524323 2415.169898688097 1485.448082095366 
38.00040553626063 1661.0 2616.7602628524323 2415.169898688097 1485.448082095366 
39.000260265707055 1661.0 2616.7602628524323 2415.169898688097 1485.448082095366 
40.00040553626063 1661.0 2597.709315508937 2415.169898688097 1485.448082095366 
41.00040553626063 1662.0 2597.709315508937 2415.169898688097 1485.448082095366 
42.00040553626063 1662.0 2597.709315508937 2415.169898688097 1485.448082095366 
43.00040553626063 1662.0 2597.709315508937 2415.169898688097 1485.448082095366 
44.00040553626063 1662.0 2578.7453620709375 2398.984492715986 1485.448082095366 
45.00040553626063 1662.0 2578.7453620709375 2398.984492715986 1485.448082095366 
46.00040553626063 1662.0 2578.7453620709375 2398.984492715986 1485.448082095366 
47.00040553626063 1662.0 2578.7453620709375 2398.984492715986 1485.448082095366 
48.00040553626063 1662.0 2559.795761385795 2394.6182754709184 1485.448082095366 
49.000260265707055 1662.0 2559.795761385795 2394.6182754709184 1485.448082095366 
50.00040553626063 1662.0 2559.795761385795 2394.6182754709184 1485.448082095366 
51.00040553626063 1662.0 2559.795761385795 2394.6182754709184 1485.448082095366 
52.00040553626063 1662.0 2540.860833984686 2375.121965671734 1485.448082095366 
53.00040553626063 1662.0 2540.860833984686 2375.121965671734 1485.448082095366 
54.00040553626063 1662.0 2540.860833984686 2375.121965671734 1485.448082095366 
55.00040553626063 1662.0 2540.860833984686 2375.121965671734 1485.448082095366 
56.00040553626063 1662.0 2521.9409097722914 2355.6330512189684 1485.448082095366 
57.00040553626063 1662.0 2521.9409097722914 2355.6330512189684 1485.448082095366 
58.00040553626063 1662.0 2521.9409097722914 2355.6330512189684 1485.448082095366 
59.000260265707055 1662.0 2521.9409097722914 2355.6330512189684 1485.448082095366 
60.00040553626063 1662.0 2503.1094598817235 2336.15171659226 1485.448082095366 
61.00040553626063 1662.0 2503.1094598817235 2336.15171659226 1485.448082095366 
62.00040553626063 1662.0 2503.1094598817235 2336.15171659226 1485.448082095366 
63.00040553626063 1662.0 2503.1094598817235 2336.15171659226 1485.448082095366 
64.00040553626063 1662.0 2485.3156457175223 2316.678152404586 1485.448082095366 
65.00040553626063 1662.0 2485.3156457175223 2316.678152404586 1485.448082095366 
66.00040553626063 1662.0 2485.3156457175223 2316.678152404586 1485.448082095366 
67.00040553626063 1662.0 2485.3156457175223 2316.678152404586 1485.448082095366 
68.00040553626063 1662.0 2466.4247113632473 2297.2125556554292 1485.448082095366 
69.00026026570706 1662.0 2466.4247113632473 2297.2125556554292 1485.448082095366 
70.00040553626063 1662.0 2466.4247113632473 2297.2125556554292 1485.448082095366 
71.00040553626063 1662.0 2466.4247113632473 2297.2125556554292 1485.448082095366 
72.00040553626063 1662.0 2447.5507579921878 2277.755129994844 1485.448082095366 
73.00040553626063 1662.0 2447.5507579921878 2277.755129994844 1485.448082095366 
74.00040553626063 1662.0 2447.5507579921878 2277.755129994844 1485.448082095366 
75.00040553626063 1662.0 2447.5507579921878 2277.755129994844 1485.448082095366 
76.00040553626063 1662.0 2428.6941808638085 2258.3060860045816 1485.448082095366 
77.00040553626063 1662.0 2428.6941808638085 2258.3060860045816 1485.448082095366 
78.00040553626063 1662.0 2428.6941808638085 2258.3060860045816 1485.448082095366 
79.00026026570706 1662.0 2428.6941808638085 2258.3060860045816 1485.448082095366 
80.00040553626063 1662.0 2409.92866847821 2238.8656414923316 1485.448082095366 
81.00040553626063 1662.0 2409.92866847821 2238.8656414923316 1485.448082095366 
82.00040553626063 1662.0 2409.92866847821 2238.8656414923316 1485.448082095366 
83.00040553626063 1662.0 2409.92866847821 2238.8656414923316 1485.448082095366 
84.00040553626063 1662.0 2391.108108173393 2219.4340217969407 1485.448082095366 
85.00040553626063 1662.0 2391.108108173393 2219.4340217969407 1485.448082095366 
86.00040553626063 1662.0 2391.108108173393 2219.4340217969407 1485.448082095366 
87.00040553626063 1662.0 2391.108108173393 2219.4340217969407 1485.448082095366 
88.00040553626063 1662.0 2372.3061835913645 2200.011460115087 1485.448082095366 
89.00026026570706 1662.0 2372.3061835913645 2200.011460115087 1485.448082095366 
90.00040553626063 1662.0 2372.3061835913645 2200.011460115087 1485.448082095366 
91.00040553626063 1662.0 2372.3061835913645 2200.011460115087 1485.448082095366 
92.00040553626063 1662.0 2353.523340715433 2180.598197840604 1485.448082095366 
93.00040553626063 1662.0 2353.523340715433 2180.598197840604 1485.448082095366 
94.00040553626063 1662.0 2353.523340715433 2180.598197840604 1485.448082095366 
95.00040553626063 1662.0 2353.523340715433 2180.598197840604 1485.448082095366 
96.00040553626063 1662.0 2334.7600394194656 2161.255871380301 1485.448082095366 
97.00040553626063 1662.0 2334.7600394194656 2161.255871380301 1485.448082095366 
98.00040553626063 1662.0 2334.7600394194656 2161.255871380301 1485.448082095366 
99.00026026570706 1662.0 2334.7600394194656 2161.255871380301 1485.448082095366 
100.00040553626063 1662.0 2316.090184698237 2141.8620556213673 1485.448082095366 
101.00040553626063 1663.0 2316.090184698237 2141.8620556213673 1485.448082095366 
102.00040553626063 1663.0 2316.090184698237 2141.8620556213673 1485.448082095366 
103.00040553626063 1663.0 2316.090184698237 2141.8620556213673 1485.448082095366 
104.00040553626063 1663.0 2297.367433844134 2122.478317645551 1485.448082095366 
105.00040553626063 1663.0 2297.367433844134 2122.478317645551 1479.1405683132484 
106.00040553626063 1663.0 2297.367433844134 2122.478317645551 1479.1405683132484 
107.00040553626063 1663.0 2297.367433844134 2122.478317645551 1479.1405683132484 
108.00040553626063 1663.0 2278.6656927108706 2103.1049354367133 1479.1405683132484 
109.00026026570706 1663.0 2278.6656927108706 2103.1049354367133 1459.2045910764482 
110.00040553626063 1663.0 2278.6656927108706 2103.1049354367133 1459.2045910764482 
111.00040553626063 1663.0 2278.6656927108706 2103.1049354367133 1459.2045910764482 
112.00040553626063 1663.0 2259.9854821971835 2083.7421971649496 1459.2045910764482 
113.00040553626063 1663.0 2259.9854821971835 2083.7421971649496 1439.2254984841131 
114.00040553626063 1663.0 2259.9854821971835 2083.7421971649496 1439.2254984841131 
115.00040553626063 1663.0 2259.9854821971835 2083.7421971649496 1439.2254984841131 
116.00040553626063 1663.0 2241.327339957616 2064.3904016502897 1439.2254984841131 
117.00040553626063 1663.0 2241.327339957616 2064.3904016502897 1419.2945054186175 
118.00040553626063 1663.0 2241.327339957616 2064.3904016502897 1419.2945054186175 
119.00026026570706 1663.0 2241.327339957616 2064.3904016502897 1419.2945054186175 
120.00040553626063 1663.0 2222.6918210525573 2045.0498588503 1419.2945054186175 
121.00040553626063 1663.0 2222.6918210525573 2045.0498588503 1399.3662058424488 
122.00040553626063 1663.0 2222.6918210525573 2045.0498588503 1399.3662058424488 
123.00040553626063 1663.0 2222.6918210525573 2045.0498588503 1399.3662058424488 
124.00040553626063 1663.0 2204.153102711773 2025.7208903762871 1399.3662058424488 
125.00040553626063 1663.0 2204.153102711773 2025.7208903762871 1379.4407172377757 
126.00040553626063 1663.0 2204.153102711773 2025.7208903762871 1379.4407172377757 
127.00040553626063 1663.0 2204.153102711773 2025.7208903762871 1379.4407172377757 
128.00040553626064 1663.0 2185.5645966467846 2006.4659676388546 1379.4407172377757 
129.00026026570706 1663.0 2185.5645966467846 2006.4659676388546 1359.51816395448 
130.00040553626064 1663.0 2185.5645966467846 2006.4659676388546 1359.51816395448 
131.00040553626064 1663.0 2185.5645966467846 2006.4659676388546 1359.51816395448 
132.00040553626064 1663.0 2167.000490146762 1987.16126241822 1359.51816395448 
133.00040553626064 1663.0 2167.000490146762 1987.16126241822 1339.598677723766 
134.00040553626064 1663.0 2167.000490146762 1987.16126241822 1339.598677723766 
135.00040553626064 1663.0 2167.000490146762 1987.16126241822 1339.598677723766 
136.00040553626064 1663.0 2148.461414983816 1967.8691734353188 1339.598677723766 
137.00040553626064 1663.0 2148.461414983816 1967.8691734353188 1319.6823982072428 
138.00040553626064 1663.0 2148.461414983816 1967.8691734353188 1319.6823982072428 
139.00026026570706 1663.0 2148.461414983816 1967.8691734353188 1319.6823982072428 
140.00040553626064 1663.0 2129.948024057996 1948.5900746897814 1319.6823982072428 
141.00040553626064 1663.0 2129.948024057996 1948.5900746897814 1299.7232748805702 
142.00040553626064 1663.0 2129.948024057996 1948.5900746897814 1299.7232748805702 
143.00040553626064 1663.0 2129.948024057996 1948.5900746897814 1299.7232748805702 
144.00040553626064 1663.0 2111.5347322011025 1929.324354874619 1299.7232748805702 
145.00040553626064 1663.0 2111.5347322011025 1929.324354874619 1279.8137656503711 
146.00040553626064 1663.0 2111.5347322011025 1929.324354874619 1279.8137656503711 
147.00040553626064 1663.0 2111.5347322011025 1929.324354874619 1279.8137656503711 
148.00040553626064 1663.0 2093.0747830987925 1910.1350746164776 1279.8137656503711 
149.00026026570706 1663.0 2093.0747830987925 1910.1350746164776 1261.0606134011653 
150.00040553626064 1663.0 2093.0747830987925 1910.1350746164776 1261.0606134011653 
151.00040553626064 1663.0 2093.0747830987925 1910.1350746164776 1261.0606134011653 
152.00040553626064 1663.0 2074.6426118630848 1890.960215688519 1261.0606134011653 
153.00040553626064 1663.0 2074.6426118630848 1890.960215688519 1242.3484445857414 
154.00040553626064 1663.0 2074.6426118630848 1890.960215688519 1242.3484445857414 
155.00040553626064 1663.0 2074.6426118630848 1890.960215688519 1242.3484445857414 
156.00040553626064 1663.0 2056.3865966035564 1871.8002205464827 1242.3484445857414 
157.00040553626064 1663.0 2056.3865966035564 1871.8002205464827 1223.7671459863654 
158.00040553626064 1663.0 2056.3865966035564 1871.8002205464827 1223.7671459863654 
159.00026026570706 1663.0 2056.3865966035564 1871.8002205464827 1223.7671459863654 
160.00040553626064 1663.0 2038.0861340485255 1852.7185405156638 1223.7671459863654 
161.00040553626064 1663.0 2038.0861340485255 1852.7185405156638 1205.1866289283896 
162.00040553626064 1663.0 2038.0861340485255 1852.7185405156638 1205.1866289283896 
163.00040553626064 1663.0 2038.0861340485255 1852.7185405156638 1205.1866289283896 
164.00040553626064 1663.0 2019.88967582588 1833.5266821101036 1205.1866289283896 
165.00040553626064 1663.0 2019.88967582588 1833.5266821101036 1186.6992406406814 
166.00040553626064 1663.0 2019.88967582588 1833.5266821101036 1186.6992406406814 
167.00040553626064 1663.0 2019.88967582588 1833.5266821101036 1186.6992406406814 
168.00040553626064 1663.0 2001.650342103705 1814.414117144998 1186.6992406406814 
169.00026026570706 1663.0 2001.650342103705 1814.414117144998 1168.2619759860922 
170.00040553626064 1663.0 2001.650342103705 1814.414117144998 1168.2619759860922 
171.00040553626064 1663.0 2001.650342103705 1814.414117144998 1168.2619759860922 
172.00040553626064 1663.0 1983.4428264660448 1795.3817154365752 1168.2619759860922 
173.00040553626064 1663.0 1983.4428264660448 1795.3817154365752 1149.8772474117372 
174.00040553626064 1663.0 1983.4428264660448 1795.3817154365752 1149.8772474117372 
175.00040553626064 1663.0 1983.4428264660448 1795.3817154365752 1149.8772474117372 
176.00040553626064 1663.0 1965.2604342241486 1776.239996215536 1149.8772474117372 
177.00040553626064 1663.0 1965.2604342241486 1776.239996215536 1131.5043046193407 
178.00040553626064 1663.0 1965.2604342241486 1776.239996215536 1131.5043046193407 
179.00026026570706 1663.0 1965.2604342241486 1776.239996215536 1131.5043046193407 
180.00040553626064 1663.0 1947.1865417061188 1757.1795468213068 1131.5043046193407 
181.00040553626064 1663.0 1947.1865417061188 1757.1795468213068 1113.1422525814173 
182.00040553626064 1663.0 1947.1865417061188 1757.1795468213068 1113.1422525814173 
183.00040553626064 1663.0 1947.1865417061188 1757.1795468213068 1113.1422525814173 
184.00040553626064 1663.0 1929.0808719519614 1738.1376154344234 1113.1422525814173 
185.00040553626064 1663.0 1929.0808719519614 1738.1376154344234 1094.8887145659924 
186.00040553626064 1663.0 1929.0808719519614 1738.1376154344234 1094.8887145659924 
187.00040553626064 1663.0 1929.0808719519614 1738.1376154344234 1094.8887145659924 
188.00040553626064 1663.0 1911.0046162820283 1719.1148165947207 1094.8887145659924 
189.00026026570706 1663.0 1911.0046162820283 1719.1148165947207 1076.7418749113085 
190.00040553626064 1663.0 1911.0046162820283 1719.1148165947207 1076.7418749113085 
191.00040553626064 1663.0 1911.0046162820283 1719.1148165947207 1076.7418749113085 
192.00040553626064 1663.0 1892.971580744411 1700.1757549292204 1076.7418749113085 
193.00040553626064 1663.0 1892.971580744411 1700.1757549292204 1058.6621424208672 
194.00040553626064 1663.0 1892.971580744411 1700.1757549292204 1058.6621424208672 
195.00040553626064 1663.0 1892.971580744411 1700.1757549292204 1058.6621424208672 
196.00040553626064 1663.0 1875.0450601083664 1681.2573991827044 1058.6621424208672 
197.00040553626064 1663.0 1875.0450601083664 1681.2573991827044 1040.6530162772362 
198.00040553626064 1663.0 1875.0450601083664 1681.2573991827044 1040.6530162772362 
199.00026026570706 1663.0 1875.0450601083664 1681.2573991827044 1040.6530162772362 
200.00040553626064 1663.0 1864.8113269389835 1662.2319994062489 1040.6530162772362 
201.00040553626064 1663.0 1864.8113269389835 1662.2319994062489 1022.5846219272157 
202.00040553626064 1663.0 1864.8113269389835 1662.2319994062489 1022.5846219272157 
203.00040553626064 1663.0 1864.8113269389835 1662.2319994062489 1022.5846219272157 
204.00040553626064 1663.0 1845.0129829572286 1643.2925709396584 1022.5846219272157 
205.00040553626064 1663.0 1845.0129829572286 1643.2925709396584 1004.6484696047092 
206.00040553626064 1663.0 1845.0129829572286 1643.2925709396584 1004.6484696047092 
207.00040553626064 1663.0 1845.0129829572286 1643.2925709396584 1004.6484696047092 
208.00040553626064 1663.0 1825.2160403144221 1624.4402834344137 1004.6484696047092 
209.00026026570706 1663.0 1825.2160403144221 1624.4402834344137 986.7814720611877 
210.00040553626064 1663.0 1825.2160403144221 1624.4402834344137 986.7814720611877 
211.00040553626064 1663.0 1825.2160403144221 1624.4402834344137 986.7814720611877 
212.00040553626064 1663.0 1805.341944270289 1616.5275586516857 986.7814720611877 
213.00040553626064 1663.0 1805.341944270289 1616.5275586516857 975.8242643681376 
214.00040553626064 1663.0 1805.341944270289 1616.5275586516857 975.8242643681376 
215.00040553626064 1663.0 1805.341944270289 1616.5275586516857 975.8242643681376 
216.00040553626064 1663.0 1785.5435905550198 1596.9918389441739 975.8242643681376 
217.00040553626064 1663.0 1785.5435905550198 1596.9918389441739 960.2500758595337 
218.00040553626064 1663.0 1785.5435905550198 1596.9918389441739 960.2500758595337 
219.00026026570706 1663.0 1785.5435905550198 1596.9918389441739 960.2500758595337 
220.00040553626064 1663.0 1765.7470001794597 1577.467052518046 960.2500758595337 
221.00040553626064 1663.0 1765.7470001794597 1577.467052518046 944.844816107918 
222.00040553626064 1663.0 1765.7470001794597 1577.467052518046 944.844816107918 
223.00040553626064 1663.0 1765.7470001794597 1577.467052518046 944.844816107918 
224.00040553626064 1663.0 1745.9564599255168 1558.0178767809002 944.844816107918 
225.00040553626064 1663.0 1745.9564599255168 1558.0178767809002 929.5754691911908 
226.00040553626064 1663.0 1745.9564599255168 1558.0178767809002 929.5754691911908 
227.00040553626064 1663.0 1745.9564599255168 1558.0178767809002 929.5754691911908 
228.00040553626064 1663.0 1731.8900887326502 1538.5802705432063 929.5754691911908 
229.00026026570706 1663.0 1731.8900887326502 1538.5802705432063 916.6900906992357 
230.00040553626064 1663.0 1731.8900887326502 1538.5802705432063 916.6900906992357 
231.00040553626064 1663.0 1731.8900887326502 1538.5802705432063 916.6900906992357 
232.00040553626064 1663.0 1724.8132733443292 1519.1546771512592 916.6900906992357 
233.00040553626064 1663.0 1724.8132733443292 1519.1546771512592 898.9877597084021 
234.00040553626064 1663.0 1724.8132733443292 1519.1546771512592 898.9877597084021 
235.00040553626064 1663.0 1724.8132733443292 1519.1546771512592 898.9877597084021 
236.00040553626064 1663.0 1706.2323087381687 1499.7415626405236 898.9877597084021 
237.00040553626064 1663.0 1706.2323087381687 1499.7415626405236 878.9551218745266 
238.00040553626064 1663.0 1706.2323087381687 1499.7415626405236 878.9551218745266 
239.00026026570706 1663.0 1706.2323087381687 1499.7415626405236 878.9551218745266 
240.00040553626064 1663.0 1687.679396230816 1480.3487738994459 878.9551218745266 
241.00040553626064 1663.0 1687.679396230816 1480.3487738994459 858.9224673305501 
242.00040553626064 1663.0 1687.679396230816 1480.3487738994459 858.9224673305501 
243.00040553626064 1663.0 1687.679396230816 1480.3487738994459 858.9224673305501 
244.00040553626064 1663.0 1669.159122761169 1460.961705809023 858.9224673305501 
245.00040553626064 1663.0 1669.159122761169 1460.961705809023 838.8897962011546 
246.00040553626064 1663.0 1669.159122761169 1460.961705809023 838.8897962011546 
247.00040553626064 1663.0 1669.159122761169 1460.961705809023 838.8897962011546 
248.00040553626064 1663.0 1650.672587696842 1441.5315856164925 838.8897962011546 
249.00026026570706 1663.0 1650.672587696842 1441.5315856164925 818.8571086201221 
250.00040553626064 1663.0 1650.672587696842 1441.5315856164925 818.8571086201221 
251.00040553626064 1663.0 1650.672587696842 1441.5315856164925 818.8571086201221 
252.00040553626064 1663.0 1632.2209381653695 1422.1154469124476 818.8571086201221 
253.00040553626064 1663.0 1632.2209381653695 1422.1154469124476 798.8244047371151 
254.00040553626064 1663.0 1632.2209381653695 1422.1154469124476 798.8244047371151 
255.00040553626064 1663.0 1632.2209381653695 1422.1154469124476 798.8244047371151 
256.00040553626064 1663.0 1613.805371542846 1402.7772370459343 798.8244047371151 
257.00040553626064 1663.0 1613.805371542846 1402.7772370459343 778.7916847153163 
258.00040553626064 1663.0 1613.805371542846 1402.7772370459343 778.7916847153163 
259.0002602657071 1663.0 1613.805371542846 1402.7772370459343 778.7916847153163 
260.00040553626064 1663.0 1611.1209808142023 1383.4486962351036 778.7916847153163 
261.00040553626064 1663.0 1611.1209808142023 1383.4486962351036 758.7824336681316 
262.00040553626064 1663.0 1611.1209808142023 1383.4486962351036 758.7824336681316 
263.00040553626064 1663.0 1611.1209808142023 1383.4486962351036 758.7824336681316 
264.00040553626064 1663.0 1591.2652168177965 1364.0783029141608 758.7824336681316 
265.00040553626064 1663.0 1591.2652168177965 1364.0783029141608 738.7733739027664 
266.00040553626064 1663.0 1591.2652168177965 1364.0783029141608 738.7733739027664 
267.00040553626064 1663.0 1591.2652168177965 1364.0783029141608 738.7733739027664 
268.00040553626064 1663.0 1571.335719343947 1344.7244156777274 738.7733739027664 
269.0002602657071 1663.0 1571.335719343947 1344.7244156777274 718.7645228514997 
270.00040553626064 1663.0 1571.335719343947 1344.7244156777274 718.7645228514997 
271.00040553626064 1663.0 1571.335719343947 1344.7244156777274 718.7645228514997 
272.00040553626064 1663.0 1551.3999933075681 1325.4505816714604 718.7645228514997 
273.00040553626064 1663.0 1551.3999933075681 1325.4505816714604 698.7558999481835 
274.00040553626064 1663.0 1551.3999933075681 1325.4505816714604 698.7558999481835 
275.00040553626064 1663.0 1551.3999933075681 1325.4505816714604 698.7558999481835 
276.00040553626064 1663.0 1531.4646213482672 1314.5150426911027 698.7558999481835 
277.00040553626064 1663.0 1531.4646213482672 1314.5150426911027 678.7058382999113 
278.00040553626064 1663.0 1531.4646213482672 1314.5150426911027 678.7058382999113 
279.0002602657071 1663.0 1531.4646213482672 1314.5150426911027 678.7058382999113 
280.00040553626064 1663.0 1511.529617216 1295.0803400479294 678.7058382999113 
281.00040553626064 1663.0 1511.529617216 1295.0803400479294 658.6976981322189 
282.00040553626064 1663.0 1511.529617216 1295.0803400479294 658.6976981322189 
283.00040553626064 1663.0 1511.529617216 1295.0803400479294 658.6976981322189 
284.00040553626064 1663.0 1491.5949953952302 1275.7235697861493 658.6976981322189 
285.00040553626064 1663.0 1491.5949953952302 1275.7235697861493 638.6898570450057 
286.00040553626064 1663.0 1491.5949953952302 1275.7235697861493 638.6898570450057 
287.00040553626064 1663.0 1491.5949953952302 1275.7235697861493 638.6898570450057 
288.00040553626064 1663.0 1471.7347554838832 1256.3826911843998 638.6898570450057 
289.0002602657071 1663.0 1471.7347554838832 1256.3826911843998 618.6823457525184 
290.00040553626064 1663.0 1471.7347554838832 1256.3826911843998 618.6823457525184 
291.00040553626064 1663.0 1471.7347554838832 1256.3826911843998 618.6823457525184 
292.00040553626064 1663.0 1457.8248161166905 1237.0584484381816 618.6823457525184 
293.00040553626064 1663.0 1457.8248161166905 1237.0584484381816 598.6751990707054 
294.00040553626064 1663.0 1457.8248161166905 1237.0584484381816 598.6751990707054 
295.00040553626064 1663.0 1457.8248161166905 1237.0584484381816 598.6751990707054 
296.00040553626064 1663.0 1438.011951628403 1217.7516323195207 598.6751990707054 
297.00040553626064 1663.0 1438.011951628403 1217.7516323195207 578.6265393598485 
298.00040553626064 1663.0 1438.011951628403 1217.7516323195207 578.6265393598485 
299.0002602657071 1663.0 1438.011951628403 1217.7516323195207 578.6265393598485 
300.00040553626064 1663.0 1418.204155534158 1198.4630838169162 578.6265393598485 
301.00040553626064 1663.0 1418.204155534158 1198.4630838169162 558.6201896873848 
302.00040553626064 1663.0 1418.204155534158 1198.4630838169162 558.6201896873848 
303.00040553626064 1663.0 1418.204155534158 1198.4630838169162 558.6201896873848 
304.00040553626064 1663.0 1398.4016434420882 1179.1936981225772 558.6201896873848 
305.00040553626064 1663.0 1398.4016434420882 1179.1936981225772 538.5227719630009 
306.00040553626064 1663.0 1398.4016434420882 1179.1936981225772 538.5227719630009 
307.00040553626064 1663.0 1398.4016434420882 1179.1936981225772 538.5227719630009 
308.00040553626064 1663.0 1378.6715371443452 1159.944428992647 538.5227719630009 
309.0002602657071 1663.0 1378.6715371443452 1159.944428992647 518.5175445273044 
310.00040553626064 1663.0 1378.6715371443452 1159.944428992647 518.5175445273044 
311.00040553626064 1663.0 1378.6715371443452 1159.944428992647 518.5175445273044 
312.00040553626064 1663.0 1360.8547233738298 1140.716293529105 518.5175445273044 
313.00040553626064 1663.0 1360.8547233738298 1140.716293529105 498.51294881585613 
314.00040553626064 1663.0 1360.8547233738298 1140.716293529105 498.51294881585613 
315.00040553626064 1663.0 1360.8547233738298 1140.716293529105 498.51294881585613 
316.00040553626064 1663.0 1341.5956978975832 1121.510377429244 498.51294881585613 
317.00040553626064 1663.0 1341.5956978975832 1121.510377429244 478.4177299929709 
318.00040553626064 1663.0 1341.5956978975832 1121.510377429244 478.4177299929709 
319.0002602657071 1663.0 1341.5956978975832 1121.510377429244 478.4177299929709 
320.00040553626064 1663.0 1322.3566114455175 1102.2634423029933 478.4177299929709 
321.00040553626064 1663.0 1322.3566114455175 1102.2634423029933 458.4147433602137 
322.00040553626064 1663.0 1322.3566114455175 1102.2634423029933 458.4147433602137 
323.00040553626064 1663.0 1322.3566114455175 1102.2634423029933 458.4147433602137 
324.00040553626064 1663.0 1309.2400151175784 1083.0407777184564 458.4147433602137 
325.00040553626064 1663.0 1309.2400151175784 1083.0407777184564 448.0796237430786 
326.00040553626064 1663.0 1309.2400151175784 1083.0407777184564 448.0796237430786 
327.00040553626064 1663.0 1309.2400151175784 1083.0407777184564 448.0796237430786 
328.00040553626064 1663.0 1289.9421280917236 1063.8436979245691 448.0796237430786 
329.0002602657071 1663.0 1289.9421280917236 1063.8436979245691 427.98094245799984 
330.00040553626064 1663.0 1289.9421280917236 1063.8436979245691 427.98094245799984 
331.00040553626064 1663.0 1289.9421280917236 1063.8436979245691 427.98094245799984 
332.00040553626064 1663.0 1270.6656299982383 1044.6736119573372 427.98094245799984 
333.00040553626064 1663.0 1270.6656299982383 1044.6736119573372 407.8844269674864 
334.00040553626064 1663.0 1270.6656299982383 1044.6736119573372 407.8844269674864 
335.00040553626064 1663.0 1270.6656299982383 1044.6736119573372 407.8844269674864 
336.00040553626064 1663.0 1251.485444308585 1025.5971565715547 407.8844269674864 
337.00040553626064 1663.0 1251.485444308585 1025.5971565715547 387.8811628495217 
338.00040553626064 1663.0 1251.485444308585 1025.5971565715547 387.8811628495217 
339.0002602657071 1663.0 1251.485444308585 1025.5971565715547 387.8811628495217 
340.00040553626064 1663.0 1232.3286413519609 1006.6421612694428 387.8811628495217 
341.00040553626064 1663.0 1232.3286413519609 1006.6421612694428 376.6092351399038 
342.00040553626064 1663.0 1232.3286413519609 1006.6421612694428 376.6092351399038 
343.00040553626064 1663.0 1232.3286413519609 1006.6421612694428 376.6092351399038 
344.00040553626064 1663.0 1213.196329473054 987.6574724371079 376.6092351399038 
345.00040553626064 1663.0 1213.196329473054 987.6574724371079 356.50421133366575 
346.00040553626064 1663.0 1213.196329473054 987.6574724371079 356.50421133366575 
347.00040553626064 1663.0 1213.196329473054 987.6574724371079 356.50421133366575 
348.00040553626064 1663.0 1194.0158264291224 968.7102974018886 356.50421133366575 
349.0002602657071 1663.0 1194.0158264291224 968.7102974018886 336.44207773528757 
350.00040553626064 1663.0 1194.0158264291224 968.7102974018886 336.44207773528757 
351.00040553626064 1663.0 1194.0158264291224 968.7102974018886 336.44207773528757 
352.00040553626064 1663.0 1174.8623045933566 949.7369016398358 336.44207773528757 
353.00040553626064 1663.0 1174.8623045933566 949.7369016398358 316.3799260824725 
354.00040553626064 1663.0 1174.8623045933566 949.7369016398358 316.3799260824725 
355.00040553626064 1663.0 1174.8623045933566 949.7369016398358 316.3799260824725 
356.00040553626064 1663.0 1155.8008532529554 930.8714343397311 316.3799260824725 
357.00040553626064 1663.0 1155.8008532529554 930.8714343397311 296.31775664218856 
358.00040553626064 1663.0 1155.8008532529554 930.8714343397311 296.31775664218856 
359.0002602657071 1663.0 1155.8008532529554 930.8714343397311 296.31775664218856 
360.00040553626064 1663.0 1152.0240401463536 911.9843160677888 296.31775664218856 
361.00040553626064 1663.0 1152.0240401463536 911.9843160677888 276.2126927037828 
362.00040553626064 1663.0 1152.0240401463536 911.9843160677888 276.2126927037828 
363.00040553626064 1663.0 1152.0240401463536 911.9843160677888 276.2126927037828 
364.00040553626064 1663.0 1132.2778754257902 893.2110128661104 276.2126927037828 
365.00040553626064 1663.0 1132.2778754257902 893.2110128661104 256.1504952628543 
366.00040553626064 1663.0 1132.2778754257902 893.2110128661104 256.1504952628543 
367.00040553626064 1663.0 1132.2778754257902 893.2110128661104 256.1504952628543 
368.00040553626064 1663.0 1112.5291631924683 874.4692383198884 256.1504952628543 
369.0002602657071 1663.0 1112.5291631924683 874.4692383198884 236.0882825455089 
370.00040553626064 1663.0 1112.5291631924683 874.4692383198884 236.0882825455089 
371.00040553626064 1663.0 1112.5291631924683 874.4692383198884 236.0882825455089 
372.00040553626064 1663.0 1092.788462831073 855.8197559244524 236.0882825455089 
373.00040553626064 1663.0 1092.788462831073 855.8197559244524 216.0260556897491 
374.00040553626064 1663.0 1092.788462831073 855.8197559244524 216.0260556897491 
375.00040553626064 1663.0 1092.788462831073 855.8197559244524 216.0260556897491 
376.00040553626064 1663.0 1073.1300759801602 837.2975143715726 216.0260556897491 
377.00040553626064 1663.0 1073.1300759801602 837.2975143715726 195.92099168816978 
378.00040553626064 1663.0 1073.1300759801602 837.2975143715726 195.92099168816978 
379.0002602657071 1663.0 1073.1300759801602 837.2975143715726 195.92099168816978 
380.00040553626064 1663.0 1053.406773334128 818.8396859620844 195.92099168816978 
381.00040553626064 1663.0 1053.406773334128 818.8396859620844 175.90156671920045 
382.00040553626064 1663.0 1053.406773334128 818.8396859620844 175.90156671920045 
383.00040553626064 1663.0 1053.406773334128 818.8396859620844 175.90156671920045 
384.00040553626064 1663.0 1051.0734516697937 800.5901282469966 175.90156671920045 
385.00040553626064 1663.0 1051.0734516697937 800.5901282469966 155.8821236396132 
386.00040553626064 1663.0 1051.0734516697937 800.5901282469966 155.8821236396132 
387.00040553626064 1663.0 1051.0734516697937 800.5901282469966 155.8821236396132 
388.00040553626064 1663.0 1032.2999006612674 782.3545238670056 155.8821236396132 
389.0002602657071 1663.0 1032.2999006612674 782.3545238670056 135.77705323214826 
390.00040553626064 1663.0 1032.2999006612674 782.3545238670056 135.77705323214826 
391.00040553626064 1663.0 1032.2999006612674 782.3545238670056 135.77705323214826 
392.00040553626064 1663.0 1013.6467066647518 764.5609075317725 135.77705323214826 
393.00040553626064 1663.0 1013.6467066647518 764.5609075317725 115.75756650333112 
394.00040553626064 1663.0 1013.6467066647518 764.5609075317725 115.75756650333112 
395.00040553626064 1663.0 1013.6467066647518 764.5609075317725 115.75756650333112 
396.00040553626064 1663.0 994.9688583427233 746.8729392344013 115.75756650333112 
397.00040553626064 1663.0 994.9688583427233 746.8729392344013 95.7380606162193 
398.00040553626064 1663.0 994.9688583427233 746.8729392344013 95.7380606162193 
399.0002602657071 1663.0 994.9688583427233 746.8729392344013 95.7380606162193 
400.00040553626064 1663.0 976.4167112323103 729.2290000156157 95.7380606162193 
401.00040553626064 1663.0 976.4167112323103 729.2290000156157 75.71853557237847 
402.00040553626064 1663.0 976.4167112323103 729.2290000156157 75.71853557237847 
403.00040553626064 1663.0 976.4167112323103 729.2290000156157 75.71853557237847 
404.00040553626064 1663.0 957.9194860927523 712.89182261227 75.71853557237847 
405.00040553626064 1663.0 957.9194860927523 712.89182261227 55.65624752733695 
406.00040553626064 1663.0 957.9194860927523 712.89182261227 55.65624752733695 
407.00040553626064 1663.0 957.9194860927523 712.89182261227 55.65624752733695 
408.00040553626064 1663.0 945.7165569131676 694.0245590828915 55.65624752733695 
409.0002602657071 1663.0 945.7165569131676 694.0245590828915 35.63670406275083 
410.00040553626064 1663.0 945.7165569131676 694.0245590828915 35.63670406275083 
411.00040553626064 1663.0 945.7165569131676 694.0245590828915 35.63670406275083 
412.00040553626064 1663.0 928.5985867008554 675.0729993892397 35.63670406275083 
413.00040553626064 1663.0 928.5985867008554 675.0729993892397 15.526276925027968 
414.00040553626064 1663.0 928.5985867008554 675.0729993892397 15.526276925027968 
415.00040553626064 1663.0 928.5985867008554 675.0729993892397 15.526276925027968 
416.00040553626064 1663.0 911.6700104119358 656.2517017928695 15.526276925027968 
417.00040553626064 1663.0 911.6700104119358 656.2517017928695 0.0 
418.00040553626064 1662.0 911.6700104119358 656.2517017928695 0.0 
419.0002602657071 1662.0 911.6700104119358 656.2517017928695 0.0 
420.00040553626064 1662.0 894.7992855105011 637.56669517693 0.0 
421.00040553626064 1662.0 894.7992855105011 637.56669517693 0.0 
422.00040553626064 1662.0 894.7992855105011 637.56669517693 0.0 
423.00040553626064 1662.0 894.7992855105011 637.56669517693 0.0 
424.00040553626064 1662.0 878.0471490287498 620.2776706733237 0.0 
425.00040553626064 1662.0 878.0471490287498 620.2776706733237 0.0 
426.00040553626064 1662.0 878.0471490287498 620.2776706733237 0.0 
427.00040553626064 1662.0 878.0471490287498 620.2776706733237 0.0 
428.00040553626064 1662.0 861.4383191782499 600.4442006465915 0.0 
429.0002602657071 1662.0 861.4383191782499 600.4442006465915 0.0 
430.00040553626064 1662.0 861.4383191782499 600.4442006465915 0.0 
431.00040553626064 1662.0 861.4383191782499 600.4442006465915 0.0 
432.00040553626064 1662.0 849.645946415462 580.6107536736315 0.0 
433.00040553626064 1662.0 849.645946415462 580.6107536736315 0.0 
434.00040553626064 1662.0 849.645946415462 580.6107536736315 0.0 
435.00040553626064 1662.0 849.645946415462 580.6107536736315 0.0 
436.00040553626064 1662.0 832.6488986714681 560.7773302468136 0.0 
437.00040553626064 1662.0 832.6488986714681 560.7773302468136 0.0 
438.00040553626064 1662.0 832.6488986714681 560.7773302468136 0.0 
439.0002602657071 1662.0 832.6488986714681 560.7773302468136 0.0 
440.00040553626064 1662.0 815.861196573633 540.8731067056123 0.0 
441.00040553626064 1662.0 815.861196573633 540.8731067056123 0.0 
442.00040553626064 1662.0 815.861196573633 540.8731067056123 0.0 
443.00040553626064 1662.0 815.861196573633 540.8731067056123 0.0 
444.00040553626064 1662.0 799.2173570595606 520.9689138474713 0.0 
445.00040553626064 1662.0 799.2173570595606 520.9689138474713 0.0 
446.00040553626064 1662.0 799.2173570595606 520.9689138474713 0.0 
447.00040553626064 1662.0 799.2173570595606 520.9689138474713 0.0 
448.00040553626064 1662.0 797.0544496626969 501.13557023799444 0.0 
449.0002602657071 1662.0 797.0544496626969 501.13557023799444 0.0 
450.00040553626064 1662.0 797.0544496626969 501.13557023799444 0.0 
451.00040553626064 1662.0 797.0544496626969 501.13557023799444 0.0 
452.00040553626064 1662.0 779.1733855070371 481.26948127448105 0.0 
453.00040553626064 1662.0 779.1733855070371 481.26948127448105 0.0 
454.00040553626064 1662.0 779.1733855070371 481.26948127448105 0.0 
455.00040553626064 1662.0 779.1733855070371 481.26948127448105 0.0 
456.00040553626064 1662.0 761.3944621299346 461.43617752625477 0.0 
457.00040553626064 1662.0 761.3944621299346 461.43617752625477 0.0 
458.00040553626064 1662.0 761.3944621299346 461.43617752625477 0.0 
459.0002602657071 1662.0 761.3944621299346 461.43617752625477 0.0 
460.00040553626064 1662.0 743.6509777164941 441.5701238844213 0.0 
461.00040553626064 1662.0 743.6509777164941 441.5701238844213 0.0 
462.00040553626064 1662.0 743.6509777164941 441.5701238844213 0.0 
463.00040553626064 1662.0 743.6509777164941 441.5701238844213 0.0 
464.00040553626064 1662.0 726.0990309682596 421.6660461369542 0.0 
465.00040553626064 1662.0 726.0990309682596 421.6660461369542 0.0 
466.00040553626064 1662.0 726.0990309682596 421.6660461369542 0.0 
467.00040553626064 1662.0 726.0990309682596 421.6660461369542 0.0 
468.00040553626064 1662.0 708.5993719834427 401.7292101133426 0.0 
469.0002602657071 1662.0 708.5993719834427 401.7292101133426 0.0 
470.00040553626064 1662.0 708.5993719834427 401.7292101133426 0.0 
471.00040553626064 1662.0 708.5993719834427 401.7292101133426 0.0 
472.00040553626064 1662.0 691.3094615708926 381.81459080793275 0.0 
473.00040553626064 1662.0 691.3094615708926 381.81459080793275 0.0 
474.00040553626064 1662.0 691.3094615708926 381.81459080793275 0.0 
475.00040553626064 1662.0 691.3094615708926 381.81459080793275 0.0 
476.00040553626064 1662.0 674.092032388947 361.97357103957404 0.0 
477.00040553626064 1662.0 674.092032388947 361.97357103957404 0.0 
478.00040553626064 1662.0 674.092032388947 361.97357103957404 0.0 
479.0002602657071 1662.0 674.092032388947 361.97357103957404 0.0 
480.00040553626064 1662.0 657.0325131696259 342.0648206321156 0.0 
481.00040553626064 1662.0 657.0325131696259 342.0648206321156 0.0 
482.00040553626064 1662.0 657.0325131696259 342.0648206321156 0.0 
483.00040553626064 1662.0 657.0325131696259 342.0648206321156 0.0 
484.00040553626064 1662.0 645.5037091121176 322.2308579081304 0.0 
485.00040553626064 1662.0 645.5037091121176 322.2308579081304 0.0 
486.00040553626064 1662.0 645.5037091121176 322.2308579081304 0.0 
487.00040553626064 1662.0 645.5037091121176 322.2308579081304 0.0 
488.00040553626064 1662.0 631.1997062871936 302.4015083794101 0.0 
489.0002602657071 1662.0 631.1997062871936 302.4015083794101 0.0 
490.00040553626064 1662.0 631.1997062871936 302.4015083794101 0.0 
491.00040553626064 1662.0 631.1997062871936 302.4015083794101 0.0 
492.00040553626064 1662.0 617.2124929558621 282.57773880450054 0.0 
493.00040553626064 1662.0 617.2124929558621 282.57773880450054 0.0 
494.00040553626064 1662.0 617.2124929558621 282.57773880450054 0.0 
495.00040553626064 1662.0 617.2124929558621 282.57773880450054 0.0 
496.00040553626064 1662.0 603.5640963890348 262.6894527884547 0.0 
497.00040553626064 1662.0 603.5640963890348 262.6894527884547 0.0 
498.00040553626064 1662.0 603.5640963890348 262.6894527884547 0.0 
499.0002602657071 1662.0 603.5640963890348 262.6894527884547 0.0 
500.00040553626064 1662.0 592.2329798072857 242.88090646255776 0.0 
501.00040553626064 1662.0 592.2329798072857 242.88090646255776 0.0 
502.00040553626064 1662.0 592.2329798072857 242.88090646255776 0.0 
503.00040553626064 1662.0 592.2329798072857 242.88090646255776 0.0 
504.00040553626064 1662.0 572.3616005635822 223.0831079991061 0.0 
505.00040553626064 1662.0 572.3616005635822 223.0831079991061 0.0 
506.00040553626064 1662.0 572.3616005635822 223.0831079991061 0.0 
507.00040553626064 1662.0 572.3616005635822 223.0831079991061 0.0 
508.00040553626064 1662.0 552.5681610506315 203.25512888421068 0.0 
509.0002602657071 1662.0 552.5681610506315 203.25512888421068 0.0 
510.00040553626064 1662.0 552.5681610506315 203.25512888421068 0.0 
511.00040553626064 1662.0 552.5681610506315 203.25512888421068 0.0 
512.0004055362606 1662.0 532.7808959162023 183.48826151899647 0.0 
513.0004055362606 1662.0 532.7808959162023 183.48826151899647 0.0 
514.0004055362606 1662.0 532.7808959162023 183.48826151899647 0.0 
515.0004055362606 1662.0 532.7808959162023 183.48826151899647 0.0 
516.0004055362606 1662.0 513.0005186070969 163.77134615222738 0.0 
517.0004055362606 1662.0 513.0005186070969 163.77134615222738 0.0 
518.0004055362606 1662.0 513.0005186070969 163.77134615222738 0.0 
519.0002602657071 1662.0 513.0005186070969 163.77134615222738 0.0 
520.0004055362606 1662.0 493.15576153217603 144.06223305414372 0.0 
521.0004055362606 1662.0 493.15576153217603 144.06223305414372 0.0 
522.0004055362606 1662.0 493.15576153217603 144.06223305414372 0.0 
523.0004055362606 1662.0 493.15576153217603 144.06223305414372 0.0 
524.0004055362606 1662.0 473.3918561178364 124.35241905233562 0.0 
525.0004055362606 1662.0 473.3918561178364 124.35241905233562 0.0 
526.0004055362606 1662.0 473.3918561178364 124.35241905233562 0.0 
527.0004055362606 1662.0 473.3918561178364 124.35241905233562 0.0 
528.0004055362606 1662.0 453.63777311147163 104.76990873064781 0.0 
529.0002602657071 1662.0 453.63777311147163 104.76990873064781 0.0 
530.0004055362606 1662.0 453.63777311147163 104.76990873064781 0.0 
531.0004055362606 1662.0 453.63777311147163 104.76990873064781 0.0 
532.0004055362606 1662.0 433.8948528725213 85.31985842677427 0.0 
533.0004055362606 1662.0 433.8948528725213 85.31985842677427 0.0 
534.0004055362606 1662.0 433.8948528725213 85.31985842677427 0.0 
535.0004055362606 1662.0 433.8948528725213 85.31985842677427 0.0 
536.0004055362606 1662.0 414.1646905027035 66.05113996716466 0.0 
537.0004055362606 1662.0 414.1646905027035 66.05113996716466 0.0 
538.0004055362606 1662.0 414.1646905027035 66.05113996716466 0.0 
539.0002602657071 1662.0 414.1646905027035 66.05113996716466 0.0 
540.0004055362606 1662.0 394.44919910775855 55.35891284621388 0.0 
541.0004055362606 1662.0 394.44919910775855 55.35891284621388 0.0 
542.0004055362606 1662.0 394.44919910775855 55.35891284621388 0.0 
543.0004055362606 1662.0 394.44919910775855 55.35891284621388 0.0 
544.0004055362606 1662.0 374.7214394927643 41.69494242737405 0.0 
545.0004055362606 1662.0 374.7214394927643 41.69494242737405 0.0 
546.0004055362606 1662.0 374.7214394927643 41.69494242737405 0.0 
547.0004055362606 1662.0 374.7214394927643 41.69494242737405 0.0 
548.0004055362606 1662.0 355.01188255845153 37.178434990893244 0.0 
549.0002602657071 1662.0 355.01188255845153 37.178434990893244 0.0 
550.0004055362606 1662.0 355.01188255845153 37.178434990893244 0.0 
551.0004055362606 1662.0 355.01188255845153 37.178434990893244 0.0 
552.0004055362606 1662.0 335.25255463596017 17.17259714667345 0.0 
553.0004055362606 1662.0 335.25255463596017 17.17259714667345 0.0 
554.0004055362606 1662.0 335.25255463596017 17.17259714667345 0.0 
555.0004055362606 1662.0 335.25255463596017 17.17259714667345 0.0 
556.0004055362606 1662.0 315.5509491976713 0.0 0.0 
557.0004055362606 1661.0 315.5509491976713 0.0 0.0 
558.0004055362606 1661.0 315.5509491976713 0.0 0.0 
559.0002602657071 1661.0 315.5509491976713 0.0 0.0 
560.0004055362606 1661.0 295.84951205159774 0.0 0.0 
561.0004055362606 1661.0 295.84951205159774 0.0 0.0 
562.0004055362606 1661.0 295.84951205159774 0.0 0.0 
563.0004055362606 1661.0 295.84951205159774 0.0 0.0 
564.0004055362606 1661.0 276.18582159246677 0.0 0.0 
565.0004055362606 1661.0 276.18582159246677 0.0 0.0 
566.0004055362606 1661.0 276.18582159246677 0.0 0.0 
567.0004055362606 1661.0 276.18582159246677 0.0 0.0 
568.0004055362606 1661.0 256.6387097228114 0.0 0.0 
569.0002602657071 1661.0 256.6387097228114 0.0 0.0 
570.0004055362606 1661.0 256.6387097228114 0.0 0.0 
571.0004055362606 1661.0 256.6387097228114 0.0 0.0 
572.0004055362606 1661.0 246.56925198390184 0.0 0.0 
573.0004055362606 1661.0 246.56925198390184 0.0 0.0 
574.0004055362606 1661.0 246.56925198390184 0.0 0.0 
575.0004055362606 1661.0 246.56925198390184 0.0 0.0 
576.0004055362606 1661.0 226.6337836234906 0.0 0.0 
577.0004055362606 1661.0 226.6337836234906 0.0 0.0 
578.0004055362606 1661.0 226.6337836234906 0.0 0.0 
579.0002602657071 1661.0 226.6337836234906 0.0 0.0 
580.0004055362606 1661.0 206.69862197771195 0.0 0.0 
581.0004055362606 1661.0 206.69862197771195 0.0 0.0 
582.0004055362606 1661.0 206.69862197771195 0.0 0.0 
583.0004055362606 1661.0 206.69862197771195 0.0 0.0 
584.0004055362606 1661.0 186.76385853715306 0.0 0.0 
585.0004055362606 1661.0 186.76385853715306 0.0 0.0 
586.0004055362606 1661.0 186.76385853715306 0.0 0.0 
587.0004055362606 1661.0 186.76385853715306 0.0 0.0 
588.0004055362606 1661.0 166.8997355459913 0.0 0.0 
589.0002602657071 1661.0 166.8997355459913 0.0 0.0 
590.0004055362606 1661.0 166.8997355459913 0.0 0.0 
591.0004055362606 1661.0 166.8997355459913 0.0 0.0 
592.0004055362606 1661.0 147.03647092426286 0.0 0.0 
593.0004055362606 1661.0 147.03647092426286 0.0 0.0 
594.0004055362606 1661.0 147.03647092426286 0.0 0.0 
595.0004055362606 1661.0 147.03647092426286 0.0 0.0 
596.0004055362606 1661.0 127.17445707749098 0.0 0.0 
597.0004055362606 1661.0 127.17445707749098 0.0 0.0 
598.0004055362606 1661.0 127.17445707749098 0.0 0.0 
599.0002602657071 1661.0 127.17445707749098 0.0 0.0 
600.0004055362606 1661.0 107.24402559196065 0.0 0.0 
601.0004055362606 1661.0 107.24402559196065 0.0 0.0 
602.0004055362606 1661.0 107.24402559196065 0.0 0.0 
603.0004055362606 1661.0 107.24402559196065 0.0 0.0 
604.0004055362606 1661.0 87.38703057846764 0.0 0.0 
605.0004055362606 1661.0 87.38703057846764 0.0 0.0 
606.0004055362606 1661.0 87.38703057846764 0.0 0.0 
607.0004055362606 1661.0 87.38703057846764 0.0 0.0 
608.0004055362606 1661.0 67.53602307737762 0.0 0.0 
609.0002602657071 1661.0 67.53602307737762 0.0 0.0 
610.0004055362606 1661.0 67.53602307737762 0.0 0.0 
611.0004055362606 1661.0 67.53602307737762 0.0 0.0 
612.0004055362606 1661.0 47.62731574830906 0.0 0.0 
613.0004055362606 1661.0 47.62731574830906 0.0 0.0 
614.0004055362606 1661.0 47.62731574830906 0.0 0.0 
615.0004055362606 1661.0 47.62731574830906 0.0 0.0 
616.0004055362606 1661.0 27.830933446769325 0.0 0.0 
617.0004055362606 1661.0 27.830933446769325 0.0 0.0 
618.0004055362606 1661.0 27.830933446769325 0.0 0.0 
619.0002602657071 1661.0 27.830933446769325 0.0 0.0 
620.0004055362606 1661.0 8.376290131037507 0.0 0.0 
621.0004055362606 1661.0 8.376290131037507 0.0 0.0 
622.0004055362606 1661.0 8.376290131037507 0.0 0.0 
623.0004055362606 1661.0 8.376290131037507 0.0 0.0 
624.0004055362606 1661.0 3.335852512183881 0.0 0.0 
625.0004055362606 1661.0 3.335852512183881 0.0 0.0 
626.0004055362606 1661.0 3.335852512183881 0.0 0.0 
627.0004055362606 1661.0 3.335852512183881 0.0 0.0 
628.0004055362606 1661.0 0.0 0.0 0.0 
629.0002602657071 1660.0 0.0 0.0 0.0 
630.0004055362606 1660.0 0.0 0.0 0.0 
631.0004055362606 1660.0 0.0 0.0 0.0 
632.0004055362606 1660.0 0.0 0.0 0.0 
633.0004055362606 1660.0 0.0 0.0 0.0 
634.0004055362606 1660.0 0.0 0.0 0.0 
635.0004055362606 1660.0 0.0 0.0 0.0 
636.0004055362606 1660.0 0.0 0.0 0.0 
637.0004055362606 1660.0 0.0 0.0 0.0 
638.0004055362606 1660.0 0.0 0.0 0.0 
639.0002602657071 1660.0 0.0 0.0 0.0 
640.0004055362606 1660.0 0.0 0.0 0.0 
641.0004055362606 1660.0 0.0 0.0 0.0 
642.0004055362606 1660.0 0.0 0.0 0.0 
643.0004055362606 1660.0 0.0 0.0 0.0 
644.0004055362606 1660.0 0.0 0.0 0.0 
645.0004055362606 1660.0 0.0 0.0 0.0 
646.0004055362606 1660.0 0.0 0.0 0.0 
647.0004055362606 1660.0 0.0 0.0 0.0 
648.0004055362606 1660.0 0.0 0.0 0.0 
649.0002602657071 1660.0 0.0 0.0 0.0 
650.0004055362606 1660.0 0.0 0.0 0.0 
651.0004055362606 1660.0 0.0 0.0 0.0 
652.0004055362606 1660.0 0.0 0.0 0.0 
653.0004055362606 1660.0 0.0 0.0 0.0 
654.0004055362606 1660.0 0.0 0.0 0.0 
655.0004055362606 1660.0 0.0 0.0 0.0 
656.0004055362606 1660.0 0.0 0.0 0.0 
657.0004055362606 1660.0 0.0 0.0 0.0 
658.0004055362606 1660.0 0.0 0.0 0.0 
659.0002602657071 1660.0 0.0 0.0 0.0 
660.0004055362606 1660.0 0.0 0.0 0.0 
661.0004055362606 1660.0 0.0 0.0 0.0 
662.0004055362606 1660.0 0.0 0.0 0.0 
663.0004055362606 1660.0 0.0 0.0 0.0 
664.0004055362606 1660.0 0.0 0.0 0.0 
665.0004055362606 1660.0 0.0 0.0 0.0 
666.0004055362606 1660.0 0.0 0.0 0.0 
667.0004055362606 1660.0 0.0 0.0 0.0 
668.0004055362606 1660.0 0.0 0.0 0.0 
669.0002602657071 1660.0 0.0 0.0 0.0 
670.0004055362606 1660.0 0.0 0.0 0.0 
671.0004055362606 1660.0 0.0 0.0 0.0 
672.0004055362606 1660.0 0.0 0.0 0.0 
673.0004055362606 1660.0 0.0 0.0 0.0 
674.0004055362606 1660.0 0.0 0.0 0.0 
675.0004055362606 1660.0 0.0 0.0 0.0 
676.0004055362606 1660.0 0.0 0.0 0.0 
677.0004055362606 1660.0 0.0 0.0 0.0 
678.0004055362606 1660.0 0.0 0.0 0.0 
679.0002602657071 1660.0 0.0 0.0 0.0 
680.0004055362606 1660.0 0.0 0.0 0.0 
681.0004055362606 1660.0 0.0 0.0 0.0 
682.0004055362606 1660.0 0.0 0.0 0.0 
683.0004055362606 1660.0 0.0 0.0 0.0 
684.0004055362606 1660.0 0.0 0.0 0.0 
685.0004055362606 1660.0 0.0 0.0 0.0 
686.0004055362606 1660.0 0.0 0.0 0.0 
687.0004055362606 1660.0 0.0 0.0 0.0 
688.0004055362606 1660.0 0.0 0.0 0.0 
689.0002602657071 1660.0 0.0 0.0 0.0 
690.0004055362606 1660.0 0.0 0.0 0.0 
691.0004055362606 1660.0 0.0 0.0 0.0 
692.0004055362606 1660.0 0.0 0.0 0.0 
693.0004055362606 1660.0 0.0 0.0 0.0 
694.0004055362606 1660.0 0.0 0.0 0.0 
695.0004055362606 1660.0 0.0 0.0 0.0 
696.0004055362606 1660.0 0.0 0.0 0.0 
697.0004055362606 1660.0 0.0 0.0 0.0 
698.0004055362606 1660.0 0.0 0.0 0.0 
699.0002602657071 1660.0 0.0 0.0 0.0 
700.0004055362606 1660.0 0.0 0.0 0.0 
701.0004055362606 1660.0 0.0 0.0 0.0 
702.0004055362606 1660.0 0.0 0.0 0.0 
703.0004055362606 1660.0 0.0 0.0 0.0 
704.0004055362606 1660.0 0.0 0.0 0.0 
705.0004055362606 1660.0 0.0 0.0 0.0 
706.0004055362606 1660.0 0.0 0.0 0.0 
707.0004055362606 1660.0 0.0 0.0 0.0 
708.0004055362606 1660.0 0.0 0.0 0.0 
709.0002602657071 1660.0 0.0 0.0 0.0 
710.0004055362606 1660.0 0.0 0.0 0.0 
711.0004055362606 1660.0 0.0 0.0 0.0 
712.0004055362606 1660.0 0.0 0.0 0.0 
713.0004055362606 1660.0 0.0 0.0 0.0 
714.0004055362606 1660.0 0.0 0.0 0.0 
715.0004055362606 1660.0 0.0 0.0 0.0 
716.0004055362606 1660.0 0.0 0.0 0.0 
717.0004055362606 1660.0 0.0 0.0 0.0 
718.0004055362606 1660.0 0.0 0.0 0.0 
719.0002602657071 1660.0 0.0 0.0 0.0 
720.0004055362606 1660.0 0.0 0.0 0.0 
721.0004055362606 1660.0 0.0 0.0 0.0 
722.0004055362606 1660.0 0.0 0.0 0.0 
723.0004055362606 1660.0 0.0 0.0 0.0 
724.0004055362606 1660.0 0.0 0.0 0.0 
725.0004055362606 1660.0 0.0 0.0 0.0 
726.0004055362606 1660.0 0.0 0.0 0.0 
727.0004055362606 1660.0 0.0 0.0 0.0 
728.0004055362606 1660.0 0.0 0.0 0.0 
729.0002602657071 1660.0 0.0 0.0 0.0 
730.0004055362606 1660.0 0.0 0.0 0.0 
731.0004055362606 1660.0 0.0 0.0 0.0 
732.0004055362606 1660.0 0.0 0.0 0.0 
733.0004055362606 1660.0 0.0 0.0 0.0 
734.0004055362606 1660.0 0.0 0.0 0.0 
735.0004055362606 1660.0 0.0 0.0 0.0 
736.0004055362606 1660.0 0.0 0.0 0.0 
737.0004055362606 1660.0 0.0 0.0 0.0 
738.0004055362606 1660.0 0.0 0.0 0.0 
739.0002602657071 1660.0 0.0 0.0 0.0 
740.0004055362606 1660.0 0.0 0.0 0.0 
741.0004055362606 1660.0 0.0 0.0 0.0 
742.0004055362606 1660.0 0.0 0.0 0.0 
743.0004055362606 1660.0 0.0 0.0 0.0 
744.0004055362606 1660.0 0.0 0.0 0.0 
745.0004055362606 1660.0 0.0 0.0 0.0 
746.0004055362606 1660.0 0.0 0.0 0.0 
747.0004055362606 1660.0 0.0 0.0 0.0 
748.0004055362606 1660.0 0.0 0.0 0.0 
749.0002602657071 1660.0 0.0 0.0 0.0 
750.0004055362606 1660.0 0.0 0.0 0.0 
751.0004055362606 1660.0 0.0 0.0 0.0 
752.0004055362606 1660.0 0.0 0.0 0.0 
753.0004055362606 1660.0 0.0 0.0 0.0 
754.0004055362606 1660.0 0.0 0.0 0.0 
755.0004055362606 1660.0 0.0 0.0 0.0 
756.0004055362606 1660.0 0.0 0.0 0.0 
757.0004055362606 1660.0 0.0 0.0 0.0 
758.0004055362606 1660.0 0.0 0.0 0.0 
759.0002602657071 1660.0 0.0 0.0 0.0 
760.0004055362606 1660.0 0.0 0.0 0.0 
761.0004055362606 1660.0 0.0 0.0 0.0 
762.0004055362606 1660.0 0.0 0.0 0.0 
763.0004055362606 1660.0 0.0 0.0 0.0 
764.0004055362606 1660.0 0.0 0.0 0.0 
765.0004055362606 1660.0 0.0 0.0 0.0 
766.0004055362606 1660.0 0.0 0.0 0.0 
767.0004055362606 1660.0 0.0 0.0 0.0 
768.0004055362606 1660.0 0.0 0.0 0.0 
769.0002602657071 1660.0 0.0 0.0 0.0 
770.0004055362606 1660.0 0.0 0.0 0.0 
771.0004055362606 1660.0 0.0 0.0 0.0 
772.0004055362606 1660.0 0.0 0.0 0.0 
773.0004055362606 1660.0 0.0 0.0 0.0 
774.0004055362606 1660.0 0.0 0.0 0.0 
775.0004055362606 1660.0 0.0 0.0 0.0 
776.0004055362606 1660.0 0.0 0.0 0.0 
777.0004055362606 1660.0 0.0 0.0 0.0 
778.0004055362606 1660.0 0.0 0.0 0.0 
779.0002602657071 1660.0 0.0 0.0 0.0 
780.0004055362606 1660.0 0.0 0.0 0.0 
781.0004055362606 1660.0 0.0 0.0 0.0 
782.0004055362606 1660.0 0.0 0.0 0.0 
783.0004055362606 1660.0 0.0 0.0 0.0 
784.0004055362606 1660.0 0.0 0.0 0.0 
785.0004055362606 1660.0 0.0 0.0 0.0 
786.0004055362606 1660.0 0.0 0.0 0.0 
787.0004055362606 1660.0 0.0 0.0 0.0 
788.0004055362606 1660.0 0.0 0.0 0.0 
789.0002602657071 1660.0 0.0 0.0 0.0 
790.0004055362606 1660.0 0.0 0.0 0.0 
791.0004055362606 1660.0 0.0 0.0 0.0 
792.0004055362606 1660.0 0.0 0.0 0.0 
793.0004055362606 1660.0 0.0 0.0 0.0 
794.0004055362606 1660.0 0.0 0.0 0.0 
795.0004055362606 1660.0 0.0 0.0 0.0 
796.0004055362606 1660.0 0.0 0.0 0.0 
797.0004055362606 1660.0 0.0 0.0 0.0 
798.0004055362606 1660.0 0.0 0.0 0.0 
799.0002602657071 1660.0 0.0 0.0 0.0 
800.0004055362606 1660.0 0.0 0.0 0.0 
801.0004055362606 1660.0 0.0 0.0 0.0 
802.0004055362606 1660.0 0.0 0.0 0.0 
803.0004055362606 1660.0 0.0 0.0 0.0 
804.0004055362606 1660.0 0.0 0.0 0.0 
805.0004055362606 1660.0 0.0 0.0 0.0 
806.0004055362606 1660.0 0.0 0.0 0.0 
807.0004055362606 1660.0 0.0 0.0 0.0 
808.0004055362606 1660.0 0.0 0.0 0.0 
809.0002602657071 1660.0 0.0 0.0 0.0 
810.0004055362606 1660.0 0.0 0.0 0.0 
811.0004055362606 1660.0 0.0 0.0 0.0 
812.0004055362606 1660.0 0.0 0.0 0.0 
813.0004055362606 1660.0 0.0 0.0 0.0 
814.0004055362606 1660.0 0.0 0.0 0.0 
815.0004055362606 1660.0 0.0 0.0 0.0 
816.0004055362606 1660.0 0.0 0.0 0.0 
817.0004055362606 1660.0 0.0 0.0 0.0 
818.0004055362606 1660.0 0.0 0.0 0.0 
819.0002602657071 1660.0 0.0 0.0 0.0 
820.0004055362606 1660.0 0.0 0.0 0.0 
821.0004055362606 1660.0 0.0 0.0 0.0 
822.0004055362606 1660.0 0.0 0.0 0.0 
823.0004055362606 1660.0 0.0 0.0 0.0 
824.0004055362606 1660.0 0.0 0.0 0.0 
825.0004055362606 1660.0 0.0 0.0 0.0 
826.0004055362606 1660.0 0.0 0.0 0.0 
827.0004055362606 1660.0 0.0 0.0 0.0 
828.0004055362606 1660.0 0.0 0.0 0.0 
829.0002602657071 1660.0 0.0 0.0 0.0 
830.0004055362606 1660.0 0.0 0.0 0.0 
831.0004055362606 1660.0 0.0 0.0 0.0 
832.0004055362606 1660.0 0.0 0.0 0.0 
833.0004055362606 1660.0 0.0 0.0 0.0 
834.0004055362606 1660.0 0.0 0.0 0.0 
835.0004055362606 1660.0 0.0 0.0 0.0 
836.0004055362606 1660.0 0.0 0.0 0.0 
837.0004055362606 1660.0 0.0 0.0 0.0 
838.0004055362606 1660.0 0.0 0.0 0.0 
839.0002602657071 1660.0 0.0 0.0 0.0 
840.0004055362606 1660.0 0.0 0.0 0.0 
841.0004055362606 1660.0 0.0 0.0 0.0 
842.0004055362606 1660.0 0.0 0.0 0.0 
843.0004055362606 1660.0 0.0 0.0 0.0 
844.0004055362606 1660.0 0.0 0.0 0.0 
845.0004055362606 1660.0 0.0 0.0 0.0 
846.0004055362606 1660.0 0.0 0.0 0.0 
847.0004055362606 1660.0 0.0 0.0 0.0 
848.0004055362606 1660.0 0.0 0.0 0.0 
849.0002602657071 1660.0 0.0 0.0 0.0 
850.0004055362606 1660.0 0.0 0.0 0.0 
851.0004055362606 1660.0 0.0 0.0 0.0 
852.0004055362606 1660.0 0.0 0.0 0.0 
853.0004055362606 1660.0 0.0 0.0 0.0 
854.0004055362606 1660.0 0.0 0.0 0.0 
855.0004055362606 1660.0 0.0 0.0 0.0 
856.0004055362606 1660.0 0.0 0.0 0.0 
857.0004055362606 1660.0 0.0 0.0 0.0 
858.0004055362606 1660.0 0.0 0.0 0.0 
859.0002602657071 1660.0 0.0 0.0 0.0 
860.0004055362606 1660.0 0.0 0.0 0.0 
861.0004055362606 1660.0 0.0 0.0 0.0 
862.0004055362606 1660.0 0.0 0.0 0.0 
863.0004055362606 1660.0 0.0 0.0 0.0 
864.0004055362606 1660.0 0.0 0.0 0.0 
865.0004055362606 1660.0 0.0 0.0 0.0 
866.0004055362606 1660.0 0.0 0.0 0.0 
867.0004055362606 1660.0 0.0 0.0 0.0 
868.0004055362606 1660.0 0.0 0.0 0.0 
869.0002602657071 1660.0 0.0 0.0 0.0 
870.0004055362606 1660.0 0.0 0.0 0.0 
871.0004055362606 1660.0 0.0 0.0 0.0 
872.0004055362606 1660.0 0.0 0.0 0.0 
873.0004055362606 1660.0 0.0 0.0 0.0 
874.0004055362606 1660.0 0.0 0.0 0.0 
875.0004055362606 1660.0 0.0 0.0 0.0 
876.0004055362606 1660.0 0.0 0.0 0.0 
877.0004055362606 1660.0 0.0 0.0 0.0 
878.0004055362606 1660.0 0.0 0.0 0.0 
879.0002602657071 1660.0 0.0 0.0 0.0 
880.0004055362606 1660.0 0.0 0.0 0.0 
881.0004055362606 1660.0 0.0 0.0 0.0 
882.0004055362606 1660.0 0.0 0.0 0.0 
883.0004055362606 1660.0 0.0 0.0 0.0 
884.0004055362606 1660.0 0.0 0.0 0.0 
885.0004055362606 1660.0 0.0 0.0 0.0 
886.0004055362606 1660.0 0.0 0.0 0.0 
887.0004055362606 1660.0 0.0 0.0 0.0 
888.0004055362606 1660.0 0.0 0.0 0.0 
889.0002602657071 1660.0 0.0 0.0 0.0 
890.0004055362606 1660.0 0.0 0.0 0.0 
891.0004055362606 1660.0 0.0 0.0 0.0 
892.0004055362606 1660.0 0.0 0.0 0.0 
893.0004055362606 1660.0 0.0 0.0 0.0 
894.0004055362606 1660.0 0.0 0.0 0.0 
895.0004055362606 1660.0 0.0 0.0 0.0 
896.0004055362606 1660.0 0.0 0.0 0.0 
897.0004055362606 1660.0 0.0 0.0 0.0 
898.0004055362606 1660.0 0.0 0.0 0.0 
899.0002602657071 1660.0 0.0 0.0 0.0 
900.0004055362606 1660.0 0.0 0.0 0.0 
901.0004055362606 1660.0 0.0 0.0 0.0 
902.0004055362606 1660.0 0.0 0.0 0.0 
903.0004055362606 1660.0 0.0 0.0 0.0 
904.0004055362606 1660.0 0.0 0.0 0.0 
905.0004055362606 1660.0 0.0 0.0 0.0 
906.0004055362606 1660.0 0.0 0.0 0.0 
907.0004055362606 1660.0 0.0 0.0 0.0 
908.0004055362606 1660.0 0.0 0.0 0.0 
909.0002602657071 1660.0 0.0 0.0 0.0 
910.0004055362606 1660.0 0.0 0.0 0.0 
911.0004055362606 1660.0 0.0 0.0 0.0 
912.0004055362606 1660.0 0.0 0.0 0.0 
913.0004055362606 1660.0 0.0 0.0 0.0 
914.0004055362606 1660.0 0.0 0.0 0.0 
915.0004055362606 1660.0 0.0 0.0 0.0 
916.0004055362606 1660.0 0.0 0.0 0.0 
917.0004055362606 1660.0 0.0 0.0 0.0 
918.0004055362606 1660.0 0.0 0.0 0.0 
919.0002602657071 1660.0 0.0 0.0 0.0 
920.0004055362606 1660.0 0.0 0.0 0.0 
921.0004055362606 1660.0 0.0 0.0 0.0 
922.0004055362606 1660.0 0.0 0.0 0.0 
923.0004055362606 1660.0 0.0 0.0 0.0 
924.0004055362606 1660.0 0.0 0.0 0.0 
925.0004055362606 1660.0 0.0 0.0 0.0 
926.0004055362606 1660.0 0.0 0.0 0.0 
927.0004055362606 1660.0 0.0 0.0 0.0 
928.0004055362606 1660.0 0.0 0.0 0.0 
929.0002602657071 1660.0 0.0 0.0 0.0 
930.0004055362606 1660.0 0.0 0.0 0.0 
931.0004055362606 1660.0 0.0 0.0 0.0 
932.0004055362606 1660.0 0.0 0.0 0.0 
933.0004055362606 1660.0 0.0 0.0 0.0 
934.0004055362606 1660.0 0.0 0.0 0.0 
935.0004055362606 1660.0 0.0 0.0 0.0 
936.0004055362606 1660.0 0.0 0.0 0.0 
937.0004055362606 1660.0 0.0 0.0 0.0 
938.0004055362606 1660.0 0.0 0.0 0.0 
939.0002602657071 1660.0 0.0 0.0 0.0 
940.0004055362606 1660.0 0.0 0.0 0.0 
941.0004055362606 1660.0 0.0 0.0 0.0 
942.0004055362606 1660.0 0.0 0.0 0.0 
943.0004055362606 1660.0 0.0 0.0 0.0 
944.0004055362606 1660.0 0.0 0.0 0.0 
945.0004055362606 1660.0 0.0 0.0 0.0 
946.0004055362606 1660.0 0.0 0.0 0.0 
947.0004055362606 1660.0 0.0 0.0 0.0 
948.0004055362606 1660.0 0.0 0.0 0.0 
949.0002602657071 1660.0 0.0 0.0 0.0 
950.0004055362606 1660.0 0.0 0.0 0.0 
951.0004055362606 1660.0 0.0 0.0 0.0 
952.0004055362606 1660.0 0.0 0.0 0.0 
953.0004055362606 1660.0 0.0 0.0 0.0 
954.0004055362606 1660.0 0.0 0.0 0.0 
955.0004055362606 1660.0 0.0 0.0 0.0 
956.0004055362606 1660.0 0.0 0.0 0.0 
957.0004055362606 1660.0 0.0 0.0 0.0 
958.0004055362606 1660.0 0.0 0.0 0.0 
959.0002602657071 1660.0 0.0 0.0 0.0 
960.0004055362606 1660.0 0.0 0.0 0.0 
961.0004055362606 1660.0 0.0 0.0 0.0 
