#####################################################################
# Alchemist log file - simulation started at: 2021-05-05T12:46+0000 #
#####################################################################
# random = 1.0, gridStep = 1.0055
#
# The columns have the following meaning: 
# time nodes[Max] S1Distance[Max] S2Distance[Max] S3Distance[Max] 
0.0 0.0 0.0 0.0 0.0 
1.0010671784380274 1500.0 2659.693607103461 2415.169898688097 1485.448082095366 
2.0010671784380274 1500.0 2659.693607103461 2415.169898688097 1485.448082095366 
3.0010671784380274 1500.0 2659.693607103461 2415.169898688097 1485.448082095366 
4.000326953061661 1500.0 2659.693607103461 2415.169898688097 1485.448082095366 
5.001067178438028 1500.0 2659.693607103461 2415.169898688097 1485.448082095366 
6.001067178438028 1500.0 2659.693607103461 2415.169898688097 1485.448082095366 
7.001067178438028 1500.0 2659.693607103461 2415.169898688097 1485.448082095366 
8.000113751303996 1500.0 2659.693607103461 2415.169898688097 1485.448082095366 
9.001067178438028 1500.0 2659.693607103461 2415.169898688097 1485.448082095366 
10.000417374280275 1500.0 2659.693607103461 2415.169898688097 1485.448082095366 
11.001067178438028 1501.0 2659.693607103461 2415.169898688097 1485.448082095366 
12.001067178438028 1501.0 2659.693607103461 2415.169898688097 1485.448082095366 
13.001067178438028 1501.0 2659.693607103461 2415.169898688097 1485.448082095366 
14.000326953061661 1501.0 2659.693607103461 2415.169898688097 1485.448082095366 
15.001067178438028 1501.0 2659.693607103461 2415.169898688097 1485.448082095366 
16.001067178438028 1501.0 2659.693607103461 2415.169898688097 1485.448082095366 
17.001067178438028 1501.0 2659.693607103461 2415.169898688097 1485.448082095366 
18.000113751303996 1501.0 2659.693607103461 2415.169898688097 1485.448082095366 
19.001067178438028 1501.0 2641.422706150797 2415.169898688097 1485.448082095366 
20.000417374280275 1501.0 2641.422706150797 2415.169898688097 1485.448082095366 
21.001067178438028 1501.0 2641.422706150797 2415.169898688097 1485.448082095366 
22.001067178438028 1501.0 2641.422706150797 2415.169898688097 1485.448082095366 
23.001067178438028 1501.0 2623.17586247555 2415.169898688097 1485.448082095366 
24.00032695306166 1501.0 2623.17586247555 2415.169898688097 1485.448082095366 
25.001067178438028 1501.0 2623.17586247555 2415.169898688097 1485.448082095366 
26.001067178438028 1501.0 2623.17586247555 2415.169898688097 1485.448082095366 
27.001067178438028 1501.0 2605.0063830811982 2415.169898688097 1485.448082095366 
28.000113751303996 1501.0 2605.0063830811982 2415.169898688097 1485.448082095366 
29.001067178438028 1501.0 2605.0063830811982 2415.169898688097 1485.448082095366 
30.000417374280275 1501.0 2605.0063830811982 2415.169898688097 1485.448082095366 
31.001067178438028 1501.0 2586.8824945030906 2415.169898688097 1485.448082095366 
32.00106717843803 1501.0 2586.8824945030906 2415.169898688097 1485.448082095366 
33.00106717843803 1501.0 2586.8824945030906 2415.169898688097 1485.448082095366 
34.00032695306166 1501.0 2586.8824945030906 2415.169898688097 1485.448082095366 
35.00106717843803 1501.0 2568.764915601609 2415.169898688097 1485.448082095366 
36.00106717843803 1501.0 2568.764915601609 2415.169898688097 1485.448082095366 
37.00106717843803 1501.0 2568.764915601609 2415.169898688097 1485.448082095366 
38.000113751304 1501.0 2568.764915601609 2415.169898688097 1485.448082095366 
39.00106717843803 1501.0 2550.620314814409 2415.169898688097 1485.448082095366 
40.000417374280275 1501.0 2550.620314814409 2415.169898688097 1485.448082095366 
41.00106717843803 1502.0 2550.620314814409 2415.169898688097 1485.448082095366 
42.00106717843803 1502.0 2550.620314814409 2415.169898688097 1485.448082095366 
43.00106717843803 1502.0 2532.556822175603 2415.169898688097 1485.448082095366 
44.00032695306166 1502.0 2532.556822175603 2415.169898688097 1485.448082095366 
45.00106717843803 1502.0 2532.556822175603 2415.169898688097 1485.448082095366 
46.00106717843803 1502.0 2532.556822175603 2415.169898688097 1485.448082095366 
47.00106717843803 1502.0 2514.539759023405 2415.169898688097 1485.448082095366 
48.000113751304 1502.0 2514.539759023405 2415.169898688097 1485.448082095366 
49.00106717843803 1502.0 2514.539759023405 2415.169898688097 1485.448082095366 
50.000417374280275 1502.0 2514.539759023405 2415.169898688097 1485.448082095366 
51.00106717843803 1502.0 2502.0097331097777 2415.169898688097 1485.448082095366 
52.00106717843803 1502.0 2502.0097331097777 2415.169898688097 1485.448082095366 
53.00106717843803 1502.0 2502.0097331097777 2415.169898688097 1485.448082095366 
54.00032695306166 1502.0 2502.0097331097777 2415.169898688097 1485.448082095366 
55.00106717843803 1502.0 2489.576585029094 2415.169898688097 1485.448082095366 
56.00106717843803 1502.0 2489.576585029094 2415.169898688097 1485.448082095366 
57.00106717843803 1502.0 2489.576585029094 2415.169898688097 1485.448082095366 
58.000113751304 1502.0 2489.576585029094 2415.169898688097 1485.448082095366 
59.00106717843803 1502.0 2477.1684636743635 2415.169898688097 1485.448082095366 
60.000417374280275 1502.0 2477.1684636743635 2415.169898688097 1485.448082095366 
61.00106717843803 1502.0 2477.1684636743635 2415.169898688097 1485.448082095366 
62.00106717843803 1502.0 2477.1684636743635 2415.169898688097 1485.448082095366 
63.00106717843803 1502.0 2464.8600196284465 2415.169898688097 1485.448082095366 
64.00032695306166 1502.0 2464.8600196284465 2415.169898688097 1485.448082095366 
65.00106717843803 1502.0 2464.8600196284465 2415.169898688097 1485.448082095366 
66.00106717843803 1502.0 2464.8600196284465 2415.169898688097 1485.448082095366 
67.00106717843803 1502.0 2452.726194914408 2415.169898688097 1485.448082095366 
68.000113751304 1502.0 2452.726194914408 2415.169898688097 1485.448082095366 
69.00106717843803 1502.0 2452.726194914408 2415.169898688097 1485.448082095366 
70.00041737428027 1502.0 2452.726194914408 2415.169898688097 1485.448082095366 
71.00106717843803 1502.0 2440.6216864783887 2415.169898688097 1485.448082095366 
72.00106717843803 1502.0 2440.6216864783887 2415.169898688097 1485.448082095366 
73.00106717843803 1502.0 2440.6216864783887 2415.169898688097 1485.448082095366 
74.00032695306166 1502.0 2440.6216864783887 2415.169898688097 1485.448082095366 
75.00106717843803 1502.0 2428.6214061977266 2415.169898688097 1485.448082095366 
76.00106717843803 1502.0 2428.6214061977266 2415.169898688097 1485.448082095366 
77.00106717843803 1502.0 2428.6214061977266 2415.169898688097 1485.448082095366 
78.000113751304 1502.0 2428.6214061977266 2415.169898688097 1485.448082095366 
79.00106717843803 1502.0 2416.8005279954796 2415.169898688097 1485.448082095366 
80.00041737428027 1502.0 2416.8005279954796 2415.169898688097 1485.448082095366 
81.00106717843803 1502.0 2416.8005279954796 2415.169898688097 1485.448082095366 
82.00106717843803 1502.0 2416.8005279954796 2415.169898688097 1485.448082095366 
83.00106717843803 1502.0 2405.013432359856 2415.169898688097 1485.448082095366 
84.00032695306166 1502.0 2405.013432359856 2415.169898688097 1485.448082095366 
85.00106717843803 1502.0 2405.013432359856 2415.169898688097 1485.448082095366 
86.00106717843803 1502.0 2405.013432359856 2415.169898688097 1485.448082095366 
87.00106717843803 1502.0 2386.32514569595 2415.169898688097 1485.448082095366 
88.000113751304 1502.0 2386.32514569595 2415.169898688097 1485.448082095366 
89.00106717843803 1502.0 2386.32514569595 2415.169898688097 1485.448082095366 
90.00041737428027 1502.0 2386.32514569595 2415.169898688097 1485.448082095366 
91.00106717843803 1502.0 2367.730419316615 2415.169898688097 1485.448082095366 
92.00106717843803 1502.0 2367.730419316615 2415.169898688097 1485.448082095366 
93.00106717843803 1502.0 2367.730419316615 2415.169898688097 1485.448082095366 
94.00032695306166 1502.0 2367.730419316615 2415.169898688097 1485.448082095366 
95.00106717843803 1502.0 2349.0823059676613 2415.169898688097 1485.448082095366 
96.00106717843803 1502.0 2349.0823059676613 2415.169898688097 1485.448082095366 
97.00106717843803 1502.0 2349.0823059676613 2415.169898688097 1485.448082095366 
98.000113751304 1502.0 2349.0823059676613 2415.169898688097 1485.448082095366 
99.00106717843803 1502.0 2330.444365552796 2415.169898688097 1485.448082095366 
100.00041737428027 1502.0 2330.444365552796 2415.169898688097 1485.448082095366 
101.00106717843803 1503.0 2330.444365552796 2415.169898688097 1485.448082095366 
102.00106717843803 1503.0 2330.444365552796 2415.169898688097 1485.448082095366 
103.00106717843803 1503.0 2311.902191616537 2415.169898688097 1485.448082095366 
104.00032695306166 1503.0 2311.902191616537 2415.169898688097 1485.448082095366 
105.00106717843803 1503.0 2311.902191616537 2415.169898688097 1485.448082095366 
106.00106717843803 1503.0 2311.902191616537 2415.169898688097 1485.448082095366 
107.00106717843803 1503.0 2293.318702856637 2415.169898688097 1485.448082095366 
108.000113751304 1503.0 2293.318702856637 2415.169898688097 1485.448082095366 
109.00106717843803 1503.0 2293.318702856637 2415.169898688097 1485.448082095366 
110.00041737428027 1503.0 2293.318702856637 2415.169898688097 1485.448082095366 
111.00106717843803 1503.0 2274.821819219667 2415.169898688097 1485.448082095366 
112.00106717843803 1503.0 2274.821819219667 2415.169898688097 1485.448082095366 
113.00106717843803 1503.0 2274.821819219667 2415.169898688097 1485.448082095366 
114.00032695306166 1503.0 2274.821819219667 2415.169898688097 1485.448082095366 
115.00106717843803 1503.0 2256.28398359271 2415.169898688097 1485.448082095366 
116.00106717843803 1503.0 2256.28398359271 2415.169898688097 1485.448082095366 
117.00106717843803 1503.0 2256.28398359271 2415.169898688097 1485.448082095366 
118.000113751304 1503.0 2256.28398359271 2415.169898688097 1485.448082095366 
119.00106717843803 1503.0 2237.760772350462 2415.169898688097 1485.448082095366 
120.00041737428027 1503.0 2237.760772350462 2415.169898688097 1485.448082095366 
121.00106717843803 1503.0 2237.760772350462 2415.169898688097 1485.448082095366 
122.00106717843803 1503.0 2237.760772350462 2415.169898688097 1485.448082095366 
123.00106717843803 1503.0 2219.336262693603 2415.169898688097 1485.448082095366 
124.00032695306166 1503.0 2219.336262693603 2415.169898688097 1485.448082095366 
125.00106717843803 1503.0 2219.336262693603 2415.169898688097 1485.448082095366 
126.00106717843803 1503.0 2219.336262693603 2415.169898688097 1485.448082095366 
127.00106717843803 1503.0 2200.8714400252593 2415.169898688097 1485.448082095366 
128.000113751304 1503.0 2200.8714400252593 2415.169898688097 1485.448082095366 
129.00106717843803 1503.0 2200.8714400252593 2415.169898688097 1485.448082095366 
130.0004173742803 1503.0 2200.8714400252593 2415.169898688097 1485.448082095366 
131.00106717843803 1503.0 2186.467882663162 2415.169898688097 1485.448082095366 
132.00106717843803 1503.0 2186.467882663162 2415.169898688097 1485.448082095366 
133.00106717843803 1503.0 2186.467882663162 2415.169898688097 1485.448082095366 
134.00032695306166 1503.0 2186.467882663162 2415.169898688097 1485.448082095366 
135.00106717843803 1503.0 2172.1520919987615 2415.169898688097 1485.448082095366 
136.00106717843803 1503.0 2172.1520919987615 2415.169898688097 1485.448082095366 
137.00106717843803 1503.0 2172.1520919987615 2415.169898688097 1485.448082095366 
138.000113751304 1503.0 2172.1520919987615 2415.169898688097 1485.448082095366 
139.00106717843803 1503.0 2157.8520273168433 2415.169898688097 1485.448082095366 
140.0004173742803 1503.0 2157.8520273168433 2415.169898688097 1485.448082095366 
141.00106717843803 1503.0 2157.8520273168433 2415.169898688097 1485.448082095366 
142.00106717843803 1503.0 2157.8520273168433 2415.169898688097 1485.448082095366 
143.00106717843803 1503.0 2143.632392207744 2415.169898688097 1485.448082095366 
144.00032695306166 1503.0 2143.632392207744 2415.169898688097 1485.448082095366 
145.00106717843803 1503.0 2143.632392207744 2415.169898688097 1485.448082095366 
146.00106717843803 1503.0 2143.632392207744 2415.169898688097 1485.448082095366 
147.00106717843803 1503.0 2128.74795128781 2415.169898688097 1485.448082095366 
148.000113751304 1503.0 2128.74795128781 2415.169898688097 1485.448082095366 
149.00106717843803 1503.0 2128.74795128781 2415.169898688097 1485.448082095366 
150.0004173742803 1503.0 2128.74795128781 2415.169898688097 1485.448082095366 
151.00106717843803 1503.0 2113.8729278869023 2415.169898688097 1485.448082095366 
152.00106717843803 1503.0 2113.8729278869023 2415.169898688097 1485.448082095366 
153.00106717843803 1503.0 2113.8729278869023 2415.169898688097 1485.448082095366 
154.00032695306166 1503.0 2113.8729278869023 2415.169898688097 1485.448082095366 
155.00106717843803 1503.0 2099.0828331655002 2415.169898688097 1485.448082095366 
156.00106717843803 1503.0 2099.0828331655002 2415.169898688097 1485.448082095366 
157.00106717843803 1503.0 2099.0828331655002 2415.169898688097 1485.448082095366 
158.000113751304 1503.0 2099.0828331655002 2415.169898688097 1485.448082095366 
159.00106717843803 1503.0 2084.3059415514554 2415.169898688097 1485.448082095366 
160.0004173742803 1503.0 2084.3059415514554 2415.169898688097 1485.448082095366 
161.00106717843803 1503.0 2084.3059415514554 2415.169898688097 1485.448082095366 
162.00106717843803 1503.0 2084.3059415514554 2415.169898688097 1485.448082095366 
163.00106717843803 1503.0 2069.6177598786794 2415.169898688097 1485.448082095366 
164.00032695306166 1503.0 2069.6177598786794 2415.169898688097 1485.448082095366 
165.00106717843803 1503.0 2069.6177598786794 2415.169898688097 1485.448082095366 
166.00106717843803 1503.0 2069.6177598786794 2415.169898688097 1485.448082095366 
167.00106717843803 1503.0 2055.004976290686 2415.169898688097 1485.448082095366 
168.000113751304 1503.0 2055.004976290686 2415.169898688097 1485.448082095366 
169.00106717843803 1503.0 2055.004976290686 2415.169898688097 1485.448082095366 
170.0004173742803 1503.0 2055.004976290686 2415.169898688097 1485.448082095366 
171.00106717843803 1503.0 2040.4832688607385 2415.169898688097 1485.448082095366 
172.00106717843803 1503.0 2040.4832688607385 2415.169898688097 1485.448082095366 
173.00106717843803 1503.0 2040.4832688607385 2415.169898688097 1485.448082095366 
174.00032695306166 1503.0 2040.4832688607385 2415.169898688097 1485.448082095366 
175.00106717843803 1503.0 2028.5645049483599 2415.169898688097 1485.448082095366 
176.00106717843803 1503.0 2028.5645049483599 2415.169898688097 1485.448082095366 
177.00106717843803 1503.0 2028.5645049483599 2415.169898688097 1485.448082095366 
178.000113751304 1503.0 2028.5645049483599 2415.169898688097 1485.448082095366 
179.00106717843803 1503.0 2011.222850336797 2415.169898688097 1485.448082095366 
180.0004173742803 1503.0 2011.222850336797 2415.169898688097 1485.448082095366 
181.00106717843803 1503.0 2011.222850336797 2415.169898688097 1485.448082095366 
182.00106717843803 1503.0 2011.222850336797 2415.169898688097 1485.448082095366 
183.00106717843803 1503.0 1993.9314101935083 2415.169898688097 1485.448082095366 
184.00032695306166 1503.0 1993.9314101935083 2415.169898688097 1485.448082095366 
185.00106717843803 1503.0 1993.9314101935083 2415.169898688097 1485.448082095366 
186.00106717843803 1503.0 1993.9314101935083 2415.169898688097 1485.448082095366 
187.00106717843803 1503.0 1978.2209448506737 2415.169898688097 1485.448082095366 
188.000113751304 1503.0 1978.2209448506737 2415.169898688097 1485.448082095366 
189.00106717843803 1503.0 1978.2209448506737 2415.169898688097 1485.448082095366 
190.0004173742803 1503.0 1978.2209448506737 2415.169898688097 1485.448082095366 
191.00106717843803 1503.0 1962.661539769211 2415.169898688097 1485.448082095366 
192.00106717843803 1503.0 1962.661539769211 2415.169898688097 1485.448082095366 
193.00106717843803 1503.0 1962.661539769211 2415.169898688097 1485.448082095366 
194.00032695306166 1503.0 1962.661539769211 2415.169898688097 1485.448082095366 
195.00106717843803 1503.0 1947.1819258687556 2415.169898688097 1485.448082095366 
196.00106717843803 1503.0 1947.1819258687556 2415.169898688097 1485.448082095366 
197.00106717843803 1503.0 1947.1819258687556 2415.169898688097 1485.448082095366 
198.000113751304 1503.0 1947.1819258687556 2415.169898688097 1485.448082095366 
199.00106717843803 1503.0 1931.7840205510192 2415.169898688097 1485.448082095366 
200.0004173742803 1503.0 1931.7840205510192 2415.169898688097 1485.448082095366 
201.00106717843803 1503.0 1931.7840205510192 2415.169898688097 1485.448082095366 
202.00106717843803 1503.0 1931.7840205510192 2415.169898688097 1485.448082095366 
203.00106717843803 1503.0 1913.1714306616152 2415.169898688097 1485.448082095366 
204.00032695306166 1503.0 1913.1714306616152 2415.169898688097 1485.448082095366 
205.00106717843803 1503.0 1913.1714306616152 2415.169898688097 1485.448082095366 
206.00106717843803 1503.0 1913.1714306616152 2415.169898688097 1485.448082095366 
207.00106717843803 1503.0 1894.5857397495633 2415.169898688097 1485.448082095366 
208.000113751304 1503.0 1894.5857397495633 2415.169898688097 1485.448082095366 
209.00106717843803 1503.0 1894.5857397495633 2415.169898688097 1485.448082095366 
210.0004173742803 1503.0 1894.5857397495633 2415.169898688097 1485.448082095366 
211.00106717843803 1503.0 1876.1012720626402 2415.169898688097 1485.448082095366 
212.00106717843803 1503.0 1876.1012720626402 2415.169898688097 1485.448082095366 
213.00106717843803 1503.0 1876.1012720626402 2415.169898688097 1485.448082095366 
214.00032695306166 1503.0 1876.1012720626402 2415.169898688097 1485.448082095366 
215.00106717843803 1503.0 1857.6454027194686 2415.169898688097 1485.448082095366 
216.00106717843803 1503.0 1857.6454027194686 2415.169898688097 1485.448082095366 
217.00106717843803 1503.0 1857.6454027194686 2415.169898688097 1485.448082095366 
218.000113751304 1503.0 1857.6454027194686 2415.169898688097 1485.448082095366 
219.00106717843803 1503.0 1839.0717986882996 2415.169898688097 1485.448082095366 
220.0004173742803 1503.0 1839.0717986882996 2415.169898688097 1485.448082095366 
221.00106717843803 1503.0 1839.0717986882996 2415.169898688097 1485.448082095366 
222.00106717843803 1503.0 1839.0717986882996 2415.169898688097 1485.448082095366 
223.00106717843803 1503.0 1820.602038975141 2415.169898688097 1485.448082095366 
224.00032695306166 1503.0 1820.602038975141 2415.169898688097 1485.448082095366 
225.00106717843803 1503.0 1820.602038975141 2415.169898688097 1485.448082095366 
226.00106717843803 1503.0 1820.602038975141 2415.169898688097 1485.448082095366 
227.00106717843803 1503.0 1802.0898271201668 2415.169898688097 1485.448082095366 
228.000113751304 1503.0 1802.0898271201668 2415.169898688097 1485.448082095366 
229.00106717843803 1503.0 1802.0898271201668 2415.169898688097 1485.448082095366 
230.0004173742803 1503.0 1802.0898271201668 2415.169898688097 1485.448082095366 
231.00106717843803 1503.0 1783.6097285423261 2415.169898688097 1485.448082095366 
232.00106717843803 1503.0 1783.6097285423261 2415.169898688097 1485.448082095366 
233.00106717843803 1503.0 1783.6097285423261 2415.169898688097 1485.448082095366 
234.00032695306166 1503.0 1783.6097285423261 2415.169898688097 1485.448082095366 
235.00106717843803 1503.0 1765.1627509772884 2415.169898688097 1485.448082095366 
236.00106717843803 1503.0 1765.1627509772884 2415.169898688097 1485.448082095366 
237.00106717843803 1503.0 1765.1627509772884 2415.169898688097 1485.448082095366 
238.000113751304 1503.0 1765.1627509772884 2415.169898688097 1485.448082095366 
239.00106717843803 1503.0 1746.8237066211739 2415.169898688097 1485.448082095366 
240.0004173742803 1503.0 1746.8237066211739 2415.169898688097 1485.448082095366 
241.00106717843803 1503.0 1746.8237066211739 2415.169898688097 1485.448082095366 
242.00106717843803 1503.0 1746.8237066211739 2415.169898688097 1485.448082095366 
243.00106717843803 1503.0 1728.4563113454556 2415.169898688097 1485.448082095366 
244.00032695306166 1503.0 1728.4563113454556 2415.169898688097 1485.448082095366 
245.00106717843803 1503.0 1728.4563113454556 2415.169898688097 1485.448082095366 
246.00106717843803 1503.0 1728.4563113454556 2415.169898688097 1485.448082095366 
247.00106717843803 1503.0 1710.1885021258943 2415.169898688097 1485.448082095366 
248.000113751304 1503.0 1710.1885021258943 2415.169898688097 1485.448082095366 
249.00106717843803 1503.0 1710.1885021258943 2415.169898688097 1485.448082095366 
250.0004173742803 1503.0 1710.1885021258943 2415.169898688097 1485.448082095366 
251.00106717843803 1503.0 1691.95831880851 2415.169898688097 1485.448082095366 
252.00106717843803 1503.0 1691.95831880851 2415.169898688097 1485.448082095366 
253.00106717843803 1503.0 1691.95831880851 2415.169898688097 1485.448082095366 
254.00032695306166 1503.0 1691.95831880851 2415.169898688097 1485.448082095366 
255.00106717843803 1503.0 1672.0773298357387 2415.169898688097 1485.448082095366 
256.001067178438 1503.0 1672.0773298357387 2415.169898688097 1485.448082095366 
257.001067178438 1503.0 1672.0773298357387 2415.169898688097 1485.448082095366 
258.000113751304 1503.0 1672.0773298357387 2415.169898688097 1485.448082095366 
259.001067178438 1503.0 1652.1973446096183 2415.169898688097 1485.448082095366 
260.0004173742803 1503.0 1652.1973446096183 2415.169898688097 1485.448082095366 
261.001067178438 1503.0 1652.1973446096183 2415.169898688097 1485.448082095366 
262.001067178438 1503.0 1652.1973446096183 2415.169898688097 1485.448082095366 
263.001067178438 1503.0 1632.3482376316783 2415.169898688097 1485.448082095366 
264.00032695306163 1503.0 1632.3482376316783 2415.169898688097 1485.448082095366 
265.001067178438 1503.0 1632.3482376316783 2415.169898688097 1485.448082095366 
266.001067178438 1503.0 1632.3482376316783 2415.169898688097 1485.448082095366 
267.001067178438 1503.0 1612.5752018579387 2415.169898688097 1485.448082095366 
268.000113751304 1503.0 1612.5752018579387 2415.169898688097 1485.448082095366 
269.001067178438 1503.0 1612.5752018579387 2415.169898688097 1485.448082095366 
270.0004173742803 1503.0 1612.5752018579387 2415.169898688097 1485.448082095366 
271.001067178438 1503.0 1592.730571623192 2415.169898688097 1485.448082095366 
272.001067178438 1503.0 1592.730571623192 2415.169898688097 1485.448082095366 
273.001067178438 1503.0 1592.730571623192 2415.169898688097 1485.448082095366 
274.00032695306163 1503.0 1592.730571623192 2415.169898688097 1485.448082095366 
275.001067178438 1503.0 1572.9621936862902 2415.169898688097 1485.448082095366 
276.001067178438 1503.0 1572.9621936862902 2415.169898688097 1485.448082095366 
277.001067178438 1503.0 1572.9621936862902 2415.169898688097 1485.448082095366 
278.000113751304 1503.0 1572.9621936862902 2415.169898688097 1485.448082095366 
279.001067178438 1503.0 1553.1223834861419 2415.169898688097 1485.448082095366 
280.0004173742803 1503.0 1553.1223834861419 2415.169898688097 1485.448082095366 
281.001067178438 1503.0 1553.1223834861419 2415.169898688097 1485.448082095366 
282.001067178438 1503.0 1553.1223834861419 2415.169898688097 1485.448082095366 
283.001067178438 1503.0 1533.285119629029 2415.169898688097 1485.448082095366 
284.00032695306163 1503.0 1533.285119629029 2415.169898688097 1485.448082095366 
285.001067178438 1503.0 1533.285119629029 2415.169898688097 1485.448082095366 
286.001067178438 1503.0 1533.285119629029 2415.169898688097 1485.448082095366 
287.001067178438 1503.0 1513.4505017796757 2415.169898688097 1485.448082095366 
288.000113751304 1503.0 1513.4505017796757 2415.169898688097 1485.448082095366 
289.001067178438 1503.0 1513.4505017796757 2415.169898688097 1485.448082095366 
290.0004173742803 1503.0 1513.4505017796757 2415.169898688097 1485.448082095366 
291.001067178438 1503.0 1493.6108347842194 2415.169898688097 1485.448082095366 
292.001067178438 1503.0 1493.6108347842194 2415.169898688097 1485.448082095366 
293.001067178438 1503.0 1493.6108347842194 2415.169898688097 1485.448082095366 
294.00032695306163 1503.0 1493.6108347842194 2415.169898688097 1485.448082095366 
295.001067178438 1503.0 1473.7350963086067 2415.169898688097 1485.448082095366 
296.001067178438 1503.0 1473.7350963086067 2415.169898688097 1485.448082095366 
297.001067178438 1503.0 1473.7350963086067 2415.169898688097 1485.448082095366 
298.000113751304 1503.0 1473.7350963086067 2415.169898688097 1485.448082095366 
299.001067178438 1503.0 1453.8609381820781 2415.169898688097 1485.448082095366 
300.0004173742803 1503.0 1453.8609381820781 2415.169898688097 1485.448082095366 
301.001067178438 1503.0 1453.8609381820781 2415.169898688097 1485.448082095366 
302.001067178438 1503.0 1453.8609381820781 2415.169898688097 1485.448082095366 
303.001067178438 1503.0 1434.0623287824428 2415.169898688097 1485.448082095366 
304.00032695306163 1503.0 1434.0623287824428 2415.169898688097 1485.448082095366 
305.001067178438 1503.0 1434.0623287824428 2415.169898688097 1485.448082095366 
306.001067178438 1503.0 1434.0623287824428 2415.169898688097 1485.448082095366 
307.001067178438 1503.0 1414.1915261616239 2415.169898688097 1485.448082095366 
308.000113751304 1503.0 1414.1915261616239 2415.169898688097 1485.448082095366 
309.001067178438 1503.0 1414.1915261616239 2415.169898688097 1485.448082095366 
310.0004173742803 1503.0 1414.1915261616239 2415.169898688097 1485.448082095366 
311.001067178438 1503.0 1394.314123078846 2415.169898688097 1485.448082095366 
312.001067178438 1503.0 1394.314123078846 2415.169898688097 1485.448082095366 
313.001067178438 1503.0 1394.314123078846 2415.169898688097 1485.448082095366 
314.00032695306163 1503.0 1394.314123078846 2415.169898688097 1485.448082095366 
315.001067178438 1503.0 1374.4383353743333 2415.169898688097 1485.448082095366 
316.001067178438 1503.0 1374.4383353743333 2415.169898688097 1485.448082095366 
317.001067178438 1503.0 1374.4383353743333 2415.169898688097 1485.448082095366 
318.000113751304 1503.0 1374.4383353743333 2415.169898688097 1485.448082095366 
319.001067178438 1503.0 1354.6381123592948 2415.169898688097 1485.448082095366 
320.0004173742803 1503.0 1354.6381123592948 2415.169898688097 1485.448082095366 
321.001067178438 1503.0 1354.6381123592948 2415.169898688097 1485.448082095366 
322.001067178438 1503.0 1354.6381123592948 2415.169898688097 1485.448082095366 
323.001067178438 1503.0 1334.7657662714876 2415.169898688097 1485.448082095366 
324.00032695306163 1503.0 1334.7657662714876 2415.169898688097 1485.448082095366 
325.001067178438 1503.0 1334.7657662714876 2415.169898688097 1485.448082095366 
326.001067178438 1503.0 1334.7657662714876 2415.169898688097 1485.448082095366 
327.001067178438 1503.0 1314.8952615869998 2415.169898688097 1485.448082095366 
328.000113751304 1503.0 1314.8952615869998 2415.169898688097 1485.448082095366 
329.001067178438 1503.0 1314.8952615869998 2415.169898688097 1485.448082095366 
330.0004173742803 1503.0 1314.8952615869998 2415.169898688097 1485.448082095366 
331.001067178438 1503.0 1300.9020145846278 2415.169898688097 1485.448082095366 
332.001067178438 1503.0 1300.9020145846278 2415.169898688097 1485.448082095366 
333.001067178438 1503.0 1300.9020145846278 2415.169898688097 1485.448082095366 
334.00032695306163 1503.0 1300.9020145846278 2415.169898688097 1485.448082095366 
335.001067178438 1503.0 1281.2409579475054 2415.169898688097 1485.448082095366 
336.001067178438 1503.0 1281.2409579475054 2415.169898688097 1485.448082095366 
337.001067178438 1503.0 1281.2409579475054 2415.169898688097 1485.448082095366 
338.000113751304 1503.0 1281.2409579475054 2415.169898688097 1485.448082095366 
339.001067178438 1503.0 1261.4496894763324 2415.169898688097 1485.448082095366 
340.0004173742803 1503.0 1261.4496894763324 2415.169898688097 1485.448082095366 
341.001067178438 1503.0 1261.4496894763324 2415.169898688097 1485.448082095366 
342.001067178438 1503.0 1261.4496894763324 2415.169898688097 1485.448082095366 
343.001067178438 1503.0 1241.738043496356 2415.169898688097 1485.448082095366 
344.00032695306163 1503.0 1241.738043496356 2415.169898688097 1485.448082095366 
345.001067178438 1503.0 1241.738043496356 2415.169898688097 1485.448082095366 
346.001067178438 1503.0 1241.738043496356 2415.169898688097 1485.448082095366 
347.001067178438 1503.0 1221.9585121178534 2415.169898688097 1485.448082095366 
348.000113751304 1503.0 1221.9585121178534 2415.169898688097 1485.448082095366 
349.001067178438 1503.0 1221.9585121178534 2415.169898688097 1485.448082095366 
350.0004173742803 1503.0 1221.9585121178534 2415.169898688097 1485.448082095366 
351.001067178438 1503.0 1202.1852913661412 2415.169898688097 1485.448082095366 
352.001067178438 1503.0 1202.1852913661412 2415.169898688097 1485.448082095366 
353.001067178438 1503.0 1202.1852913661412 2415.169898688097 1485.448082095366 
354.00032695306163 1503.0 1202.1852913661412 2415.169898688097 1485.448082095366 
355.001067178438 1503.0 1182.418698050294 2415.169898688097 1485.448082095366 
356.001067178438 1503.0 1182.418698050294 2415.169898688097 1485.448082095366 
357.001067178438 1503.0 1182.418698050294 2415.169898688097 1485.448082095366 
358.000113751304 1503.0 1182.418698050294 2415.169898688097 1485.448082095366 
359.001067178438 1503.0 1162.5001229803072 2415.169898688097 1485.448082095366 
360.0004173742803 1503.0 1162.5001229803072 2415.169898688097 1485.448082095366 
361.001067178438 1503.0 1162.5001229803072 2415.169898688097 1485.448082095366 
362.001067178438 1503.0 1162.5001229803072 2415.169898688097 1485.448082095366 
363.001067178438 1503.0 1142.8008416981966 2415.169898688097 1485.448082095366 
364.00032695306163 1503.0 1142.8008416981966 2415.169898688097 1485.448082095366 
365.001067178438 1503.0 1142.8008416981966 2415.169898688097 1485.448082095366 
366.001067178438 1503.0 1142.8008416981966 2415.169898688097 1485.448082095366 
367.001067178438 1503.0 1123.0344561857469 2415.169898688097 1485.448082095366 
368.000113751304 1503.0 1123.0344561857469 2415.169898688097 1485.448082095366 
369.001067178438 1503.0 1123.0344561857469 2415.169898688097 1485.448082095366 
370.0004173742803 1503.0 1123.0344561857469 2415.169898688097 1485.448082095366 
371.001067178438 1503.0 1103.4590777027086 2415.169898688097 1485.448082095366 
372.001067178438 1503.0 1103.4590777027086 2415.169898688097 1485.448082095366 
373.001067178438 1503.0 1103.4590777027086 2415.169898688097 1485.448082095366 
374.00032695306163 1503.0 1103.4590777027086 2415.169898688097 1485.448082095366 
375.001067178438 1503.0 1083.8963110379577 2415.169898688097 1485.448082095366 
376.001067178438 1503.0 1083.8963110379577 2415.169898688097 1485.448082095366 
377.001067178438 1503.0 1083.8963110379577 2415.169898688097 1485.448082095366 
378.000113751304 1503.0 1083.8963110379577 2415.169898688097 1485.448082095366 
379.001067178438 1503.0 1064.3468506368008 2415.169898688097 1485.448082095366 
380.0004173742803 1503.0 1064.3468506368008 2415.169898688097 1485.448082095366 
381.001067178438 1503.0 1064.3468506368008 2415.169898688097 1485.448082095366 
382.001067178438 1503.0 1064.3468506368008 2415.169898688097 1485.448082095366 
383.001067178438 1503.0 1044.8114424284324 2415.169898688097 1485.448082095366 
384.00032695306163 1503.0 1044.8114424284324 2415.169898688097 1485.448082095366 
385.001067178438 1503.0 1044.8114424284324 2415.169898688097 1485.448082095366 
386.001067178438 1503.0 1044.8114424284324 2415.169898688097 1485.448082095366 
387.001067178438 1503.0 1025.2908886344535 2415.169898688097 1485.448082095366 
388.000113751304 1503.0 1025.2908886344535 2415.169898688097 1485.448082095366 
389.001067178438 1503.0 1025.2908886344535 2415.169898688097 1485.448082095366 
390.0004173742803 1503.0 1025.2908886344535 2415.169898688097 1485.448082095366 
391.001067178438 1503.0 1005.7860531204136 2415.169898688097 1485.448082095366 
392.001067178438 1503.0 1005.7860531204136 2415.169898688097 1485.448082095366 
393.001067178438 1503.0 1005.7860531204136 2415.169898688097 1485.448082095366 
394.00032695306163 1503.0 1005.7860531204136 2415.169898688097 1485.448082095366 
395.001067178438 1503.0 986.2978673615451 2415.169898688097 1485.448082095366 
396.001067178438 1503.0 986.2978673615451 2415.169898688097 1485.448082095366 
397.001067178438 1503.0 986.2978673615451 2415.169898688097 1485.448082095366 
398.000113751304 1503.0 986.2978673615451 2415.169898688097 1485.448082095366 
399.001067178438 1503.0 966.4078727335458 2415.169898688097 1485.448082095366 
400.0004173742803 1503.0 966.4078727335458 2415.169898688097 1485.448082095366 
401.001067178438 1503.0 966.4078727335458 2415.169898688097 1485.448082095366 
402.001067178438 1503.0 966.4078727335458 2415.169898688097 1485.448082095366 
403.001067178438 1503.0 946.4439253545884 2415.169898688097 1485.448082095366 
404.00032695306163 1503.0 946.4439253545884 2415.169898688097 1485.448082095366 
405.001067178438 1503.0 946.4439253545884 2415.169898688097 1485.448082095366 
406.001067178438 1503.0 946.4439253545884 2415.169898688097 1485.448082095366 
407.001067178438 1503.0 926.4799916358398 2415.169898688097 1485.448082095366 
408.000113751304 1503.0 926.4799916358398 2415.169898688097 1485.448082095366 
409.001067178438 1503.0 926.4799916358398 2415.169898688097 1485.448082095366 
410.0004173742803 1503.0 926.4799916358398 2415.169898688097 1485.448082095366 
411.001067178438 1503.0 906.5160722225986 2415.169898688097 1485.448082095366 
412.001067178438 1503.0 906.5160722225986 2415.169898688097 1485.448082095366 
413.001067178438 1503.0 906.5160722225986 2415.169898688097 1485.448082095366 
414.00032695306163 1503.0 906.5160722225986 2415.169898688097 1485.448082095366 
415.001067178438 1503.0 886.6261312863676 2415.169898688097 1485.448082095366 
416.001067178438 1503.0 886.6261312863676 2415.169898688097 1485.448082095366 
417.001067178438 1503.0 886.6261312863676 2415.169898688097 1485.448082095366 
418.000113751304 1503.0 886.6261312863676 2415.169898688097 1485.448082095366 
419.001067178438 1503.0 866.6622421199645 2415.169898688097 1485.448082095366 
420.0004173742803 1503.0 866.6622421199645 2415.169898688097 1485.448082095366 
421.001067178438 1503.0 866.6622421199645 2415.169898688097 1485.448082095366 
422.001067178438 1503.0 866.6622421199645 2415.169898688097 1485.448082095366 
423.001067178438 1503.0 846.6983695467084 2415.169898688097 1485.448082095366 
424.00032695306163 1503.0 846.6983695467084 2415.169898688097 1485.448082095366 
425.001067178438 1503.0 846.6983695467084 2415.169898688097 1485.448082095366 
426.001067178438 1503.0 846.6983695467084 2415.169898688097 1485.448082095366 
427.001067178438 1503.0 826.7345144874774 2415.169898688097 1485.448082095366 
428.000113751304 1503.0 826.7345144874774 2415.169898688097 1485.448082095366 
429.001067178438 1503.0 826.7345144874774 2415.169898688097 1485.448082095366 
430.0004173742803 1503.0 826.7345144874774 2415.169898688097 1485.448082095366 
431.001067178438 1503.0 806.8378195768971 2415.169898688097 1485.448082095366 
432.001067178438 1503.0 806.8378195768971 2415.169898688097 1485.448082095366 
433.001067178438 1503.0 806.8378195768971 2415.169898688097 1485.448082095366 
434.00032695306163 1503.0 806.8378195768971 2415.169898688097 1485.448082095366 
435.001067178438 1503.0 786.8671671549065 2415.169898688097 1485.448082095366 
436.001067178438 1503.0 786.8671671549065 2415.169898688097 1485.448082095366 
437.001067178438 1503.0 786.8671671549065 2415.169898688097 1485.448082095366 
438.000113751304 1503.0 786.8671671549065 2415.169898688097 1485.448082095366 
439.001067178438 1503.0 766.8965190082091 2415.169898688097 1485.448082095366 
440.0004173742803 1503.0 766.8965190082091 2415.169898688097 1485.448082095366 
441.001067178438 1503.0 766.8965190082091 2415.169898688097 1485.448082095366 
442.001067178438 1503.0 766.8965190082091 2415.169898688097 1485.448082095366 
443.001067178438 1503.0 746.9258751367106 2415.169898688097 1485.448082095366 
444.00032695306163 1503.0 746.9258751367106 2415.169898688097 1485.448082095366 
445.001067178438 1503.0 746.9258751367106 2415.169898688097 1485.448082095366 
446.001067178438 1503.0 746.9258751367106 2415.169898688097 1485.448082095366 
447.001067178438 1503.0 727.0291973495349 2415.169898688097 1485.448082095366 
448.000113751304 1503.0 727.0291973495349 2415.169898688097 1485.448082095366 
449.001067178438 1503.0 727.0291973495349 2415.169898688097 1485.448082095366 
450.0004173742803 1503.0 727.0291973495349 2415.169898688097 1485.448082095366 
451.001067178438 1503.0 707.0585620300868 2415.169898688097 1485.448082095366 
452.001067178438 1503.0 707.0585620300868 2415.169898688097 1485.448082095366 
453.001067178438 1503.0 707.0585620300868 2415.169898688097 1485.448082095366 
454.00032695306163 1503.0 707.0585620300868 2415.169898688097 1485.448082095366 
455.001067178438 1503.0 687.087930987372 2415.169898688097 1485.448082095366 
456.001067178438 1503.0 687.087930987372 2415.169898688097 1485.448082095366 
457.001067178438 1503.0 687.087930987372 2415.169898688097 1485.448082095366 
458.000113751304 1503.0 687.087930987372 2415.169898688097 1485.448082095366 
459.001067178438 1503.0 667.1173042213735 2415.169898688097 1485.448082095366 
460.0004173742803 1503.0 667.1173042213735 2415.169898688097 1485.448082095366 
461.001067178438 1503.0 667.1173042213735 2415.169898688097 1485.448082095366 
462.001067178438 1503.0 667.1173042213735 2415.169898688097 1485.448082095366 
463.001067178438 1503.0 647.1466817322362 2415.169898688097 1485.448082095366 
464.00032695306163 1503.0 647.1466817322362 2415.169898688097 1485.448082095366 
465.001067178438 1503.0 647.1466817322362 2415.169898688097 1485.448082095366 
466.001067178438 1503.0 647.1466817322362 2415.169898688097 1485.448082095366 
467.001067178438 1503.0 627.2500253701492 2415.169898688097 1485.448082095366 
468.000113751304 1503.0 627.2500253701492 2415.169898688097 1485.448082095366 
469.001067178438 1503.0 627.2500253701492 2415.169898688097 1485.448082095366 
470.0004173742803 1503.0 627.2500253701492 2415.169898688097 1485.448082095366 
471.001067178438 1503.0 607.279411440782 2415.169898688097 1485.448082095366 
472.001067178438 1503.0 607.279411440782 2415.169898688097 1485.448082095366 
473.001067178438 1503.0 607.279411440782 2415.169898688097 1485.448082095366 
474.00032695306163 1503.0 607.279411440782 2415.169898688097 1485.448082095366 
475.001067178438 1503.0 587.3088017906487 2415.169898688097 1485.448082095366 
476.001067178438 1503.0 587.3088017906487 2415.169898688097 1485.448082095366 
477.001067178438 1503.0 587.3088017906487 2415.169898688097 1485.448082095366 
478.000113751304 1503.0 587.3088017906487 2415.169898688097 1485.448082095366 
479.001067178438 1503.0 567.3381964202191 2415.169898688097 1485.448082095366 
480.0004173742803 1503.0 567.3381964202191 2415.169898688097 1485.448082095366 
481.001067178438 1503.0 567.3381964202191 2415.169898688097 1485.448082095366 
482.001067178438 1503.0 567.3381964202191 2415.169898688097 1485.448082095366 
483.001067178438 1503.0 547.4415572407403 2415.169898688097 1485.448082095366 
484.00032695306163 1503.0 547.4415572407403 2415.169898688097 1485.448082095366 
485.001067178438 1503.0 547.4415572407403 2415.169898688097 1485.448082095366 
486.001067178438 1503.0 547.4415572407403 2415.169898688097 1485.448082095366 
487.001067178438 1503.0 527.470960441646 2415.169898688097 1485.448082095366 
488.000113751304 1503.0 527.470960441646 2415.169898688097 1485.448082095366 
489.001067178438 1503.0 527.470960441646 2415.169898688097 1485.448082095366 
490.0004173742803 1503.0 527.470960441646 2415.169898688097 1485.448082095366 
491.001067178438 1503.0 507.500367925608 2415.169898688097 1485.448082095366 
492.001067178438 1503.0 507.500367925608 2415.169898688097 1485.448082095366 
493.001067178438 1503.0 507.500367925608 2415.169898688097 1485.448082095366 
494.00032695306163 1503.0 507.500367925608 2415.169898688097 1485.448082095366 
495.001067178438 1503.0 487.52977969438115 2415.169898688097 1485.448082095366 
496.001067178438 1503.0 487.52977969438115 2415.169898688097 1485.448082095366 
497.001067178438 1503.0 487.52977969438115 2415.169898688097 1485.448082095366 
498.000113751304 1503.0 487.52977969438115 2415.169898688097 1485.448082095366 
499.001067178438 1503.0 467.63315775316505 2415.169898688097 1485.448082095366 
500.0004173742803 1503.0 467.63315775316505 2415.169898688097 1485.448082095366 
501.001067178438 1503.0 467.63315775316505 2415.169898688097 1485.448082095366 
502.001067178438 1503.0 467.63315775316505 2415.169898688097 1485.448082095366 
503.001067178438 1503.0 447.6693906953506 2415.169898688097 1485.448082095366 
504.00032695306163 1503.0 447.6693906953506 2415.169898688097 1485.448082095366 
505.001067178438 1503.0 447.6693906953506 2415.169898688097 1485.448082095366 
506.001067178438 1503.0 447.6693906953506 2415.169898688097 1485.448082095366 
507.001067178438 1503.0 427.69881505233076 2415.169898688097 1485.448082095366 
508.000113751304 1503.0 427.69881505233076 2415.169898688097 1485.448082095366 
509.001067178438 1503.0 427.69881505233076 2415.169898688097 1485.448082095366 
510.0004173742803 1503.0 427.69881505233076 2415.169898688097 1485.448082095366 
511.001067178438 1503.0 407.72824369377787 2415.169898688097 1485.448082095366 
512.001067178438 1503.0 407.72824369377787 2415.169898688097 1485.448082095366 
513.001067178438 1503.0 407.72824369377787 2415.169898688097 1485.448082095366 
514.0003269530616 1503.0 407.72824369377787 2415.169898688097 1485.448082095366 
515.001067178438 1503.0 387.7576766218784 2415.169898688097 1485.448082095366 
516.001067178438 1503.0 387.7576766218784 2415.169898688097 1485.448082095366 
517.001067178438 1503.0 387.7576766218784 2415.169898688097 1485.448082095366 
518.0001137513041 1503.0 387.7576766218784 2415.169898688097 1485.448082095366 
519.001067178438 1503.0 367.8610746535841 2415.169898688097 1485.448082095366 
520.0004173742802 1503.0 367.8610746535841 2415.169898688097 1485.448082095366 
521.001067178438 1503.0 367.8610746535841 2415.169898688097 1485.448082095366 
522.001067178438 1503.0 367.8610746535841 2415.169898688097 1485.448082095366 
523.001067178438 1503.0 347.89051612176854 2415.169898688097 1485.448082095366 
524.0003269530616 1503.0 347.89051612176854 2415.169898688097 1485.448082095366 
525.001067178438 1503.0 347.89051612176854 2415.169898688097 1485.448082095366 
526.001067178438 1503.0 347.89051612176854 2415.169898688097 1485.448082095366 
527.001067178438 1503.0 327.9199618804273 2415.169898688097 1485.448082095366 
528.0001137513041 1503.0 327.9199618804273 2415.169898688097 1485.448082095366 
529.001067178438 1503.0 327.9199618804273 2415.169898688097 1485.448082095366 
530.0004173742802 1503.0 327.9199618804273 2415.169898688097 1485.448082095366 
531.001067178438 1503.0 307.94941193255676 2415.169898688097 1485.448082095366 
532.001067178438 1503.0 307.94941193255676 2415.169898688097 1485.448082095366 
533.001067178438 1503.0 307.94941193255676 2415.169898688097 1485.448082095366 
534.0003269530616 1503.0 307.94941193255676 2415.169898688097 1485.448082095366 
535.001067178438 1503.0 288.0528269859526 2415.169898688097 1485.448082095366 
536.001067178438 1503.0 288.0528269859526 2415.169898688097 1485.448082095366 
537.001067178438 1503.0 288.0528269859526 2415.169898688097 1485.448082095366 
538.0001137513041 1503.0 288.0528269859526 2415.169898688097 1485.448082095366 
539.001067178438 1503.0 268.0822855844214 2415.169898688097 1485.448082095366 
540.0004173742802 1503.0 268.0822855844214 2415.169898688097 1485.448082095366 
541.001067178438 1503.0 268.0822855844214 2415.169898688097 1485.448082095366 
542.001067178438 1503.0 268.0822855844214 2415.169898688097 1485.448082095366 
543.001067178438 1503.0 248.1117484861139 2415.169898688097 1485.448082095366 
544.0003269530616 1503.0 248.1117484861139 2415.169898688097 1485.448082095366 
545.001067178438 1503.0 248.1117484861139 2415.169898688097 1485.448082095366 
546.001067178438 1503.0 248.1117484861139 2415.169898688097 1485.448082095366 
547.001067178438 1503.0 228.14121569845761 2415.169898688097 1485.448082095366 
548.0001137513041 1503.0 228.14121569845761 2415.169898688097 1485.448082095366 
549.001067178438 1503.0 228.14121569845761 2415.169898688097 1485.448082095366 
550.0004173742802 1503.0 228.14121569845761 2415.169898688097 1485.448082095366 
551.001067178438 1503.0 208.24464776125913 2415.169898688097 1485.448082095366 
552.001067178438 1503.0 208.24464776125913 2415.169898688097 1485.448082095366 
553.001067178438 1503.0 208.24464776125913 2415.169898688097 1485.448082095366 
554.0003269530616 1503.0 208.24464776125913 2415.169898688097 1485.448082095366 
555.001067178438 1503.0 188.27412354158662 2415.169898688097 1485.448082095366 
556.001067178438 1503.0 188.27412354158662 2415.169898688097 1485.448082095366 
557.001067178438 1503.0 188.27412354158662 2415.169898688097 1485.448082095366 
558.0001137513041 1503.0 188.27412354158662 2415.169898688097 1485.448082095366 
559.001067178438 1503.0 168.30360366117307 2415.169898688097 1485.448082095366 
560.0004173742802 1503.0 168.30360366117307 2415.169898688097 1485.448082095366 
561.001067178438 1503.0 168.30360366117307 2415.169898688097 1485.448082095366 
562.001067178438 1503.0 168.30360366117307 2415.169898688097 1485.448082095366 
563.001067178438 1503.0 148.33308814704142 2415.169898688097 1485.448082095366 
564.0003269530616 1503.0 148.33308814704142 2415.169898688097 1485.448082095366 
565.001067178438 1503.0 148.33308814704142 2415.169898688097 1485.448082095366 
566.001067178438 1503.0 148.33308814704142 2415.169898688097 1485.448082095366 
567.001067178438 1503.0 128.43653722095198 2415.169898688097 1485.448082095366 
568.0001137513041 1503.0 128.43653722095198 2415.169898688097 1485.448082095366 
569.001067178438 1503.0 128.43653722095198 2415.169898688097 1485.448082095366 
570.0004173742802 1503.0 128.43653722095198 2415.169898688097 1485.448082095366 
571.001067178438 1503.0 108.46603039093466 2415.169898688097 1485.448082095366 
572.001067178438 1503.0 108.46603039093466 2415.169898688097 1485.448082095366 
573.001067178438 1503.0 108.46603039093466 2415.169898688097 1485.448082095366 
574.0003269530616 1503.0 108.46603039093466 2415.169898688097 1485.448082095366 
575.001067178438 1503.0 88.49552809698649 2415.169898688097 1485.448082095366 
576.001067178438 1503.0 88.49552809698649 2415.169898688097 1485.448082095366 
577.001067178438 1503.0 88.49552809698649 2415.169898688097 1485.448082095366 
578.0001137513041 1503.0 88.49552809698649 2415.169898688097 1485.448082095366 
579.001067178438 1503.0 68.52503056782199 2415.169898688097 1485.448082095366 
580.0004173742802 1503.0 68.52503056782199 2415.169898688097 1485.448082095366 
581.001067178438 1503.0 68.52503056782199 2415.169898688097 1485.448082095366 
582.001067178438 1503.0 68.52503056782199 2415.169898688097 1485.448082095366 
583.001067178438 1503.0 48.55453841026585 2415.169898688097 1485.448082095366 
584.0003269530616 1503.0 48.55453841026585 2415.169898688097 1485.448082095366 
585.001067178438 1503.0 48.55453841026585 2415.169898688097 1485.448082095366 
586.001067178438 1503.0 48.55453841026585 2415.169898688097 1485.448082095366 
587.001067178438 1503.0 28.658010966821706 2415.169898688097 1485.448082095366 
588.0001137513041 1503.0 28.658010966821706 2415.169898688097 1485.448082095366 
589.001067178438 1503.0 28.658010966821706 2415.169898688097 1485.448082095366 
590.0004173742802 1503.0 28.658010966821706 2415.169898688097 1485.448082095366 
591.001067178438 1503.0 8.687547883111792 2415.169898688097 1485.448082095366 
592.001067178438 1503.0 8.687547883111792 2415.169898688097 1485.448082095366 
593.001067178438 1503.0 8.687547883111792 2415.169898688097 1485.448082095366 
594.0003269530616 1503.0 8.687547883111792 2415.169898688097 1485.448082095366 
595.001067178438 1503.0 0.0 2415.169898688097 1485.448082095366 
596.001067178438 1502.0 0.0 2415.169898688097 1485.448082095366 
597.001067178438 1502.0 0.0 2415.169898688097 1485.448082095366 
598.0001137513041 1502.0 0.0 2415.169898688097 1485.448082095366 
599.001067178438 1502.0 0.0 2415.169898688097 1485.448082095366 
600.0004173742802 1502.0 0.0 2415.169898688097 1485.448082095366 
601.001067178438 1502.0 0.0 2415.169898688097 1485.448082095366 
602.001067178438 1502.0 0.0 2415.169898688097 1485.448082095366 
603.001067178438 1502.0 0.0 2415.169898688097 1485.448082095366 
604.0003269530616 1502.0 0.0 2415.169898688097 1485.448082095366 
605.001067178438 1502.0 0.0 2415.169898688097 1485.448082095366 
606.001067178438 1502.0 0.0 2415.169898688097 1485.448082095366 
607.001067178438 1502.0 0.0 2415.169898688097 1485.448082095366 
608.0001137513041 1502.0 0.0 2415.169898688097 1485.448082095366 
609.001067178438 1502.0 0.0 2415.169898688097 1485.448082095366 
610.0004173742802 1502.0 0.0 2415.169898688097 1485.448082095366 
611.001067178438 1502.0 0.0 2415.169898688097 1485.448082095366 
612.001067178438 1502.0 0.0 2415.169898688097 1485.448082095366 
613.001067178438 1502.0 0.0 2415.169898688097 1485.448082095366 
614.0003269530616 1502.0 0.0 2415.169898688097 1485.448082095366 
615.001067178438 1502.0 0.0 2415.169898688097 1485.448082095366 
616.001067178438 1502.0 0.0 2415.169898688097 1485.448082095366 
617.001067178438 1502.0 0.0 2415.169898688097 1485.448082095366 
618.0001137513041 1502.0 0.0 2415.169898688097 1485.448082095366 
619.001067178438 1502.0 0.0 2415.169898688097 1485.448082095366 
620.0004173742802 1502.0 0.0 2415.169898688097 1485.448082095366 
621.001067178438 1502.0 0.0 2415.169898688097 1485.448082095366 
622.001067178438 1502.0 0.0 2415.169898688097 1485.448082095366 
623.001067178438 1502.0 0.0 2415.169898688097 1485.448082095366 
624.0003269530616 1502.0 0.0 2415.169898688097 1485.448082095366 
625.001067178438 1502.0 0.0 2415.169898688097 1485.448082095366 
626.001067178438 1502.0 0.0 2415.169898688097 1485.448082095366 
627.001067178438 1502.0 0.0 2415.169898688097 1485.448082095366 
628.0001137513041 1502.0 0.0 2415.169898688097 1485.448082095366 
629.001067178438 1502.0 0.0 2415.169898688097 1485.448082095366 
630.0004173742802 1502.0 0.0 2415.169898688097 1485.448082095366 
631.001067178438 1502.0 0.0 2415.169898688097 1485.448082095366 
632.001067178438 1502.0 0.0 2415.169898688097 1485.448082095366 
633.001067178438 1502.0 0.0 2415.169898688097 1485.448082095366 
634.0003269530616 1502.0 0.0 2415.169898688097 1485.448082095366 
635.001067178438 1502.0 0.0 2415.169898688097 1485.448082095366 
636.001067178438 1502.0 0.0 2415.169898688097 1485.448082095366 
637.001067178438 1502.0 0.0 2415.169898688097 1485.448082095366 
638.0001137513041 1502.0 0.0 2415.169898688097 1485.448082095366 
639.001067178438 1502.0 0.0 2415.169898688097 1485.448082095366 
640.0004173742802 1502.0 0.0 2415.169898688097 1485.448082095366 
641.001067178438 1502.0 0.0 2415.169898688097 1485.448082095366 
642.001067178438 1502.0 0.0 2415.169898688097 1485.448082095366 
643.001067178438 1502.0 0.0 2415.169898688097 1485.448082095366 
644.0003269530616 1502.0 0.0 2415.169898688097 1485.448082095366 
645.001067178438 1502.0 0.0 2415.169898688097 1485.448082095366 
646.001067178438 1502.0 0.0 2415.169898688097 1485.448082095366 
647.001067178438 1502.0 0.0 2415.169898688097 1485.448082095366 
648.0001137513041 1502.0 0.0 2415.169898688097 1485.448082095366 
649.001067178438 1502.0 0.0 2415.169898688097 1485.448082095366 
650.0004173742802 1502.0 0.0 2415.169898688097 1485.448082095366 
651.001067178438 1502.0 0.0 2415.169898688097 1485.448082095366 
652.001067178438 1502.0 0.0 2415.169898688097 1485.448082095366 
653.001067178438 1502.0 0.0 2415.169898688097 1485.448082095366 
654.0003269530616 1502.0 0.0 2415.169898688097 1485.448082095366 
655.001067178438 1502.0 0.0 2415.169898688097 1485.448082095366 
656.001067178438 1502.0 0.0 2415.169898688097 1485.448082095366 
657.001067178438 1502.0 0.0 2415.169898688097 1485.448082095366 
658.0001137513041 1502.0 0.0 2415.169898688097 1485.448082095366 
659.001067178438 1502.0 0.0 2415.169898688097 1485.448082095366 
660.0004173742802 1502.0 0.0 2415.169898688097 1485.448082095366 
661.001067178438 1502.0 0.0 2415.169898688097 1485.448082095366 
662.001067178438 1502.0 0.0 2415.169898688097 1485.448082095366 
663.001067178438 1502.0 0.0 2415.169898688097 1485.448082095366 
664.0003269530616 1502.0 0.0 2415.169898688097 1485.448082095366 
665.001067178438 1502.0 0.0 2415.169898688097 1485.448082095366 
666.001067178438 1502.0 0.0 2415.169898688097 1485.448082095366 
667.001067178438 1502.0 0.0 2415.169898688097 1485.448082095366 
668.0001137513041 1502.0 0.0 2415.169898688097 1485.448082095366 
669.001067178438 1502.0 0.0 2415.169898688097 1485.448082095366 
670.0004173742802 1502.0 0.0 2415.169898688097 1485.448082095366 
671.001067178438 1502.0 0.0 2415.169898688097 1485.448082095366 
672.001067178438 1502.0 0.0 2415.169898688097 1485.448082095366 
673.001067178438 1502.0 0.0 2415.169898688097 1485.448082095366 
674.0003269530616 1502.0 0.0 2415.169898688097 1485.448082095366 
675.001067178438 1502.0 0.0 2415.169898688097 1485.448082095366 
676.001067178438 1502.0 0.0 2415.169898688097 1485.448082095366 
677.001067178438 1502.0 0.0 2415.169898688097 1485.448082095366 
678.0001137513041 1502.0 0.0 2415.169898688097 1485.448082095366 
679.001067178438 1502.0 0.0 2415.169898688097 1485.448082095366 
680.0004173742802 1502.0 0.0 2415.169898688097 1485.448082095366 
681.001067178438 1502.0 0.0 2415.169898688097 1485.448082095366 
682.001067178438 1502.0 0.0 2415.169898688097 1485.448082095366 
683.001067178438 1502.0 0.0 2415.169898688097 1485.448082095366 
684.0003269530616 1502.0 0.0 2415.169898688097 1485.448082095366 
685.001067178438 1502.0 0.0 2415.169898688097 1485.448082095366 
686.001067178438 1502.0 0.0 2415.169898688097 1485.448082095366 
687.001067178438 1502.0 0.0 2415.169898688097 1485.448082095366 
688.0001137513041 1502.0 0.0 2415.169898688097 1485.448082095366 
689.001067178438 1502.0 0.0 2415.169898688097 1485.448082095366 
690.0004173742802 1502.0 0.0 2415.169898688097 1485.448082095366 
691.001067178438 1502.0 0.0 2415.169898688097 1485.448082095366 
692.001067178438 1502.0 0.0 2415.169898688097 1485.448082095366 
693.001067178438 1502.0 0.0 2415.169898688097 1485.448082095366 
694.0003269530616 1502.0 0.0 2415.169898688097 1485.448082095366 
695.001067178438 1502.0 0.0 2415.169898688097 1485.448082095366 
696.001067178438 1502.0 0.0 2415.169898688097 1485.448082095366 
697.001067178438 1502.0 0.0 2415.169898688097 1485.448082095366 
698.0001137513041 1502.0 0.0 2415.169898688097 1485.448082095366 
699.001067178438 1502.0 0.0 2415.169898688097 1485.448082095366 
700.0004173742802 1502.0 0.0 2415.169898688097 1485.448082095366 
701.001067178438 1502.0 0.0 2415.169898688097 1485.448082095366 
702.001067178438 1502.0 0.0 2415.169898688097 1485.448082095366 
703.001067178438 1502.0 0.0 2415.169898688097 1485.448082095366 
704.0003269530616 1502.0 0.0 2415.169898688097 1485.448082095366 
705.001067178438 1502.0 0.0 2415.169898688097 1485.448082095366 
706.001067178438 1502.0 0.0 2415.169898688097 1485.448082095366 
707.001067178438 1502.0 0.0 2415.169898688097 1485.448082095366 
708.0001137513041 1502.0 0.0 2415.169898688097 1485.448082095366 
709.001067178438 1502.0 0.0 2415.169898688097 1485.448082095366 
710.0004173742802 1502.0 0.0 2415.169898688097 1485.448082095366 
711.001067178438 1502.0 0.0 2415.169898688097 1485.448082095366 
712.001067178438 1502.0 0.0 2415.169898688097 1485.448082095366 
713.001067178438 1502.0 0.0 2415.169898688097 1485.448082095366 
714.0003269530616 1502.0 0.0 2415.169898688097 1485.448082095366 
715.001067178438 1502.0 0.0 2415.169898688097 1485.448082095366 
716.001067178438 1502.0 0.0 2415.169898688097 1485.448082095366 
717.001067178438 1502.0 0.0 2415.169898688097 1485.448082095366 
718.0001137513041 1502.0 0.0 2415.169898688097 1485.448082095366 
719.001067178438 1502.0 0.0 2415.169898688097 1485.448082095366 
720.0004173742802 1502.0 0.0 2415.169898688097 1485.448082095366 
721.001067178438 1502.0 0.0 2415.169898688097 1485.448082095366 
722.001067178438 1502.0 0.0 2415.169898688097 1485.448082095366 
723.001067178438 1502.0 0.0 2415.169898688097 1485.448082095366 
724.0003269530616 1502.0 0.0 2415.169898688097 1485.448082095366 
725.001067178438 1502.0 0.0 2415.169898688097 1485.448082095366 
726.001067178438 1502.0 0.0 2415.169898688097 1485.448082095366 
727.001067178438 1502.0 0.0 2415.169898688097 1485.448082095366 
728.0001137513041 1502.0 0.0 2415.169898688097 1485.448082095366 
729.001067178438 1502.0 0.0 2415.169898688097 1485.448082095366 
730.0004173742802 1502.0 0.0 2415.169898688097 1485.448082095366 
731.001067178438 1502.0 0.0 2415.169898688097 1485.448082095366 
732.001067178438 1502.0 0.0 2415.169898688097 1485.448082095366 
733.001067178438 1502.0 0.0 2415.169898688097 1485.448082095366 
734.0003269530616 1502.0 0.0 2415.169898688097 1485.448082095366 
735.001067178438 1502.0 0.0 2415.169898688097 1485.448082095366 
736.001067178438 1502.0 0.0 2415.169898688097 1485.448082095366 
737.001067178438 1502.0 0.0 2415.169898688097 1485.448082095366 
738.0001137513041 1502.0 0.0 2415.169898688097 1485.448082095366 
739.001067178438 1502.0 0.0 2415.169898688097 1485.448082095366 
740.0004173742802 1502.0 0.0 2415.169898688097 1485.448082095366 
741.001067178438 1502.0 0.0 2415.169898688097 1485.448082095366 
742.001067178438 1502.0 0.0 2415.169898688097 1485.448082095366 
743.001067178438 1502.0 0.0 2415.169898688097 1485.448082095366 
744.0003269530616 1502.0 0.0 2415.169898688097 1485.448082095366 
745.001067178438 1502.0 0.0 2415.169898688097 1485.448082095366 
746.001067178438 1502.0 0.0 2415.169898688097 1485.448082095366 
747.001067178438 1502.0 0.0 2415.169898688097 1485.448082095366 
748.0001137513041 1502.0 0.0 2415.169898688097 1485.448082095366 
749.001067178438 1502.0 0.0 2415.169898688097 1485.448082095366 
750.0004173742802 1502.0 0.0 2415.169898688097 1485.448082095366 
751.001067178438 1502.0 0.0 2415.169898688097 1485.448082095366 
752.001067178438 1502.0 0.0 2415.169898688097 1485.448082095366 
753.001067178438 1502.0 0.0 2415.169898688097 1485.448082095366 
754.0003269530616 1502.0 0.0 2415.169898688097 1485.448082095366 
755.001067178438 1502.0 0.0 2415.169898688097 1485.448082095366 
756.001067178438 1502.0 0.0 2415.169898688097 1485.448082095366 
757.001067178438 1502.0 0.0 2415.169898688097 1485.448082095366 
758.0001137513041 1502.0 0.0 2415.169898688097 1485.448082095366 
759.001067178438 1502.0 0.0 2415.169898688097 1485.448082095366 
760.0004173742802 1502.0 0.0 2415.169898688097 1485.448082095366 
761.001067178438 1502.0 0.0 2415.169898688097 1485.448082095366 
762.001067178438 1502.0 0.0 2415.169898688097 1485.448082095366 
763.001067178438 1502.0 0.0 2415.169898688097 1485.448082095366 
764.0003269530616 1502.0 0.0 2415.169898688097 1485.448082095366 
765.001067178438 1502.0 0.0 2415.169898688097 1485.448082095366 
766.001067178438 1502.0 0.0 2415.169898688097 1485.448082095366 
767.001067178438 1502.0 0.0 2415.169898688097 1485.448082095366 
768.0001137513041 1502.0 0.0 2415.169898688097 1485.448082095366 
769.001067178438 1502.0 0.0 2415.169898688097 1485.448082095366 
770.0004173742802 1502.0 0.0 2415.169898688097 1485.448082095366 
771.001067178438 1502.0 0.0 2415.169898688097 1485.448082095366 
772.001067178438 1502.0 0.0 2415.169898688097 1485.448082095366 
773.001067178438 1502.0 0.0 2415.169898688097 1485.448082095366 
774.0003269530616 1502.0 0.0 2415.169898688097 1485.448082095366 
775.001067178438 1502.0 0.0 2415.169898688097 1485.448082095366 
776.001067178438 1502.0 0.0 2415.169898688097 1485.448082095366 
777.001067178438 1502.0 0.0 2415.169898688097 1485.448082095366 
778.0001137513041 1502.0 0.0 2415.169898688097 1485.448082095366 
779.001067178438 1502.0 0.0 2415.169898688097 1485.448082095366 
780.0004173742802 1502.0 0.0 2415.169898688097 1485.448082095366 
781.001067178438 1502.0 0.0 2415.169898688097 1485.448082095366 
782.001067178438 1502.0 0.0 2415.169898688097 1485.448082095366 
783.001067178438 1502.0 0.0 2415.169898688097 1485.448082095366 
784.0003269530616 1502.0 0.0 2415.169898688097 1485.448082095366 
785.001067178438 1502.0 0.0 2415.169898688097 1485.448082095366 
786.001067178438 1502.0 0.0 2415.169898688097 1485.448082095366 
787.001067178438 1502.0 0.0 2415.169898688097 1485.448082095366 
788.0001137513041 1502.0 0.0 2415.169898688097 1485.448082095366 
789.001067178438 1502.0 0.0 2415.169898688097 1485.448082095366 
790.0004173742802 1502.0 0.0 2415.169898688097 1485.448082095366 
791.001067178438 1502.0 0.0 2415.169898688097 1485.448082095366 
792.001067178438 1502.0 0.0 2415.169898688097 1485.448082095366 
793.001067178438 1502.0 0.0 2415.169898688097 1485.448082095366 
794.0003269530616 1502.0 0.0 2415.169898688097 1485.448082095366 
795.001067178438 1502.0 0.0 2415.169898688097 1485.448082095366 
796.001067178438 1502.0 0.0 2415.169898688097 1485.448082095366 
797.001067178438 1502.0 0.0 2415.169898688097 1485.448082095366 
798.0001137513041 1502.0 0.0 2415.169898688097 1485.448082095366 
799.001067178438 1502.0 0.0 2415.169898688097 1485.448082095366 
800.0004173742802 1502.0 0.0 2415.169898688097 1485.448082095366 
801.001067178438 1502.0 0.0 2415.169898688097 1485.448082095366 
802.001067178438 1502.0 0.0 2415.169898688097 1485.448082095366 
803.001067178438 1502.0 0.0 2415.169898688097 1485.448082095366 
804.0003269530616 1502.0 0.0 2415.169898688097 1485.448082095366 
805.001067178438 1502.0 0.0 2415.169898688097 1485.448082095366 
806.001067178438 1502.0 0.0 2415.169898688097 1485.448082095366 
807.001067178438 1502.0 0.0 2415.169898688097 1485.448082095366 
808.0001137513041 1502.0 0.0 2415.169898688097 1485.448082095366 
809.001067178438 1502.0 0.0 2415.169898688097 1485.448082095366 
810.0004173742802 1502.0 0.0 2415.169898688097 1485.448082095366 
811.001067178438 1502.0 0.0 2415.169898688097 1485.448082095366 
812.001067178438 1502.0 0.0 2415.169898688097 1485.448082095366 
813.001067178438 1502.0 0.0 2415.169898688097 1485.448082095366 
814.0003269530616 1502.0 0.0 2415.169898688097 1485.448082095366 
815.001067178438 1502.0 0.0 2415.169898688097 1485.448082095366 
816.001067178438 1502.0 0.0 2415.169898688097 1485.448082095366 
817.001067178438 1502.0 0.0 2415.169898688097 1485.448082095366 
818.0001137513041 1502.0 0.0 2415.169898688097 1485.448082095366 
819.001067178438 1502.0 0.0 2415.169898688097 1485.448082095366 
820.0004173742802 1502.0 0.0 2415.169898688097 1485.448082095366 
821.001067178438 1502.0 0.0 2415.169898688097 1485.448082095366 
822.001067178438 1502.0 0.0 2415.169898688097 1485.448082095366 
823.001067178438 1502.0 0.0 2415.169898688097 1485.448082095366 
824.0003269530616 1502.0 0.0 2415.169898688097 1485.448082095366 
825.001067178438 1502.0 0.0 2415.169898688097 1485.448082095366 
826.001067178438 1502.0 0.0 2415.169898688097 1485.448082095366 
827.001067178438 1502.0 0.0 2415.169898688097 1485.448082095366 
828.0001137513041 1502.0 0.0 2415.169898688097 1485.448082095366 
829.001067178438 1502.0 0.0 2415.169898688097 1485.448082095366 
830.0004173742802 1502.0 0.0 2415.169898688097 1485.448082095366 
831.001067178438 1502.0 0.0 2415.169898688097 1485.448082095366 
832.001067178438 1502.0 0.0 2415.169898688097 1485.448082095366 
833.001067178438 1502.0 0.0 2415.169898688097 1485.448082095366 
834.0003269530616 1502.0 0.0 2415.169898688097 1485.448082095366 
835.001067178438 1502.0 0.0 2415.169898688097 1485.448082095366 
836.001067178438 1502.0 0.0 2415.169898688097 1485.448082095366 
837.001067178438 1502.0 0.0 2415.169898688097 1485.448082095366 
838.0001137513041 1502.0 0.0 2415.169898688097 1485.448082095366 
839.001067178438 1502.0 0.0 2415.169898688097 1485.448082095366 
840.0004173742802 1502.0 0.0 2415.169898688097 1485.448082095366 
841.001067178438 1502.0 0.0 2415.169898688097 1485.448082095366 
842.001067178438 1502.0 0.0 2415.169898688097 1485.448082095366 
843.001067178438 1502.0 0.0 2415.169898688097 1485.448082095366 
844.0003269530616 1502.0 0.0 2415.169898688097 1485.448082095366 
845.001067178438 1502.0 0.0 2415.169898688097 1485.448082095366 
846.001067178438 1502.0 0.0 2415.169898688097 1485.448082095366 
847.001067178438 1502.0 0.0 2415.169898688097 1485.448082095366 
848.0001137513041 1502.0 0.0 2415.169898688097 1485.448082095366 
849.001067178438 1502.0 0.0 2415.169898688097 1485.448082095366 
850.0004173742802 1502.0 0.0 2415.169898688097 1485.448082095366 
851.001067178438 1502.0 0.0 2415.169898688097 1485.448082095366 
852.001067178438 1502.0 0.0 2415.169898688097 1485.448082095366 
853.001067178438 1502.0 0.0 2415.169898688097 1485.448082095366 
854.0003269530616 1502.0 0.0 2415.169898688097 1485.448082095366 
855.001067178438 1502.0 0.0 2415.169898688097 1485.448082095366 
856.001067178438 1502.0 0.0 2415.169898688097 1485.448082095366 
857.001067178438 1502.0 0.0 2415.169898688097 1485.448082095366 
858.0001137513041 1502.0 0.0 2415.169898688097 1485.448082095366 
859.001067178438 1502.0 0.0 2415.169898688097 1485.448082095366 
860.0004173742802 1502.0 0.0 2415.169898688097 1485.448082095366 
861.001067178438 1502.0 0.0 2415.169898688097 1485.448082095366 
862.001067178438 1502.0 0.0 2415.169898688097 1485.448082095366 
863.001067178438 1502.0 0.0 2415.169898688097 1485.448082095366 
864.0003269530616 1502.0 0.0 2415.169898688097 1485.448082095366 
865.001067178438 1502.0 0.0 2415.169898688097 1485.448082095366 
866.001067178438 1502.0 0.0 2415.169898688097 1485.448082095366 
867.001067178438 1502.0 0.0 2415.169898688097 1485.448082095366 
868.0001137513041 1502.0 0.0 2415.169898688097 1485.448082095366 
869.001067178438 1502.0 0.0 2415.169898688097 1485.448082095366 
870.0004173742802 1502.0 0.0 2415.169898688097 1485.448082095366 
871.001067178438 1502.0 0.0 2415.169898688097 1485.448082095366 
872.001067178438 1502.0 0.0 2415.169898688097 1485.448082095366 
873.001067178438 1502.0 0.0 2415.169898688097 1485.448082095366 
874.0003269530616 1502.0 0.0 2415.169898688097 1485.448082095366 
875.001067178438 1502.0 0.0 2415.169898688097 1485.448082095366 
876.001067178438 1502.0 0.0 2415.169898688097 1485.448082095366 
877.001067178438 1502.0 0.0 2415.169898688097 1485.448082095366 
878.0001137513041 1502.0 0.0 2415.169898688097 1485.448082095366 
879.001067178438 1502.0 0.0 2415.169898688097 1485.448082095366 
880.0004173742802 1502.0 0.0 2415.169898688097 1485.448082095366 
881.001067178438 1502.0 0.0 2415.169898688097 1485.448082095366 
882.001067178438 1502.0 0.0 2415.169898688097 1485.448082095366 
883.001067178438 1502.0 0.0 2415.169898688097 1485.448082095366 
884.0003269530616 1502.0 0.0 2415.169898688097 1485.448082095366 
885.001067178438 1502.0 0.0 2415.169898688097 1485.448082095366 
886.001067178438 1502.0 0.0 2415.169898688097 1485.448082095366 
887.001067178438 1502.0 0.0 2415.169898688097 1485.448082095366 
888.0001137513041 1502.0 0.0 2415.169898688097 1485.448082095366 
889.001067178438 1502.0 0.0 2415.169898688097 1485.448082095366 
890.0004173742802 1502.0 0.0 2415.169898688097 1485.448082095366 
891.001067178438 1502.0 0.0 2415.169898688097 1485.448082095366 
892.001067178438 1502.0 0.0 2415.169898688097 1485.448082095366 
893.001067178438 1502.0 0.0 2415.169898688097 1485.448082095366 
894.0003269530616 1502.0 0.0 2415.169898688097 1485.448082095366 
895.001067178438 1502.0 0.0 2415.169898688097 1485.448082095366 
896.001067178438 1502.0 0.0 2415.169898688097 1485.448082095366 
897.001067178438 1502.0 0.0 2415.169898688097 1485.448082095366 
898.0001137513041 1502.0 0.0 2415.169898688097 1485.448082095366 
899.001067178438 1502.0 0.0 2415.169898688097 1485.448082095366 
900.0004173742802 1502.0 0.0 2415.169898688097 1485.448082095366 
901.001067178438 1502.0 0.0 2415.169898688097 1485.448082095366 
902.001067178438 1502.0 0.0 2415.169898688097 1485.448082095366 
903.001067178438 1502.0 0.0 2415.169898688097 1485.448082095366 
904.0003269530616 1502.0 0.0 2415.169898688097 1485.448082095366 
905.001067178438 1502.0 0.0 2415.169898688097 1485.448082095366 
906.001067178438 1502.0 0.0 2415.169898688097 1485.448082095366 
907.001067178438 1502.0 0.0 2415.169898688097 1485.448082095366 
908.0001137513041 1502.0 0.0 2415.169898688097 1485.448082095366 
909.001067178438 1502.0 0.0 2415.169898688097 1485.448082095366 
910.0004173742802 1502.0 0.0 2415.169898688097 1485.448082095366 
911.001067178438 1502.0 0.0 2415.169898688097 1485.448082095366 
912.001067178438 1502.0 0.0 2415.169898688097 1485.448082095366 
913.001067178438 1502.0 0.0 2415.169898688097 1485.448082095366 
914.0003269530616 1502.0 0.0 2415.169898688097 1485.448082095366 
915.001067178438 1502.0 0.0 2415.169898688097 1485.448082095366 
916.001067178438 1502.0 0.0 2415.169898688097 1485.448082095366 
917.001067178438 1502.0 0.0 2415.169898688097 1485.448082095366 
918.0001137513041 1502.0 0.0 2415.169898688097 1485.448082095366 
919.001067178438 1502.0 0.0 2415.169898688097 1485.448082095366 
920.0004173742802 1502.0 0.0 2415.169898688097 1485.448082095366 
921.001067178438 1502.0 0.0 2415.169898688097 1485.448082095366 
922.001067178438 1502.0 0.0 2415.169898688097 1485.448082095366 
923.001067178438 1502.0 0.0 2415.169898688097 1485.448082095366 
924.0003269530616 1502.0 0.0 2415.169898688097 1485.448082095366 
925.001067178438 1502.0 0.0 2415.169898688097 1485.448082095366 
926.001067178438 1502.0 0.0 2415.169898688097 1485.448082095366 
927.001067178438 1502.0 0.0 2415.169898688097 1485.448082095366 
928.0001137513041 1502.0 0.0 2415.169898688097 1485.448082095366 
929.001067178438 1502.0 0.0 2415.169898688097 1485.448082095366 
930.0004173742802 1502.0 0.0 2415.169898688097 1485.448082095366 
931.001067178438 1502.0 0.0 2415.169898688097 1485.448082095366 
932.001067178438 1502.0 0.0 2415.169898688097 1485.448082095366 
933.001067178438 1502.0 0.0 2415.169898688097 1485.448082095366 
934.0003269530616 1502.0 0.0 2415.169898688097 1485.448082095366 
935.001067178438 1502.0 0.0 2415.169898688097 1485.448082095366 
936.001067178438 1502.0 0.0 2415.169898688097 1485.448082095366 
937.001067178438 1502.0 0.0 2415.169898688097 1485.448082095366 
938.0001137513041 1502.0 0.0 2415.169898688097 1485.448082095366 
939.001067178438 1502.0 0.0 2415.169898688097 1485.448082095366 
940.0004173742802 1502.0 0.0 2415.169898688097 1485.448082095366 
941.001067178438 1502.0 0.0 2415.169898688097 1485.448082095366 
942.001067178438 1502.0 0.0 2415.169898688097 1485.448082095366 
943.001067178438 1502.0 0.0 2415.169898688097 1485.448082095366 
944.0003269530616 1502.0 0.0 2415.169898688097 1485.448082095366 
945.001067178438 1502.0 0.0 2415.169898688097 1485.448082095366 
946.001067178438 1502.0 0.0 2415.169898688097 1485.448082095366 
947.001067178438 1502.0 0.0 2415.169898688097 1485.448082095366 
948.0001137513041 1502.0 0.0 2415.169898688097 1485.448082095366 
949.001067178438 1502.0 0.0 2415.169898688097 1485.448082095366 
950.0004173742802 1502.0 0.0 2415.169898688097 1485.448082095366 
951.001067178438 1502.0 0.0 2415.169898688097 1485.448082095366 
952.001067178438 1502.0 0.0 2415.169898688097 1485.448082095366 
953.001067178438 1502.0 0.0 2415.169898688097 1485.448082095366 
954.0003269530616 1502.0 0.0 2415.169898688097 1485.448082095366 
955.001067178438 1502.0 0.0 2415.169898688097 1485.448082095366 
956.001067178438 1502.0 0.0 2415.169898688097 1485.448082095366 
957.001067178438 1502.0 0.0 2415.169898688097 1485.448082095366 
958.0001137513041 1502.0 0.0 2415.169898688097 1485.448082095366 
959.001067178438 1502.0 0.0 2415.169898688097 1485.448082095366 
960.0004173742802 1502.0 0.0 2415.169898688097 1485.448082095366 
961.001067178438 1502.0 0.0 2415.169898688097 1485.448082095366 
962.001067178438 1502.0 0.0 2415.169898688097 1485.448082095366 
963.001067178438 1502.0 0.0 2415.169898688097 1485.448082095366 
964.0003269530616 1502.0 0.0 2415.169898688097 1485.448082095366 
965.001067178438 1502.0 0.0 2415.169898688097 1485.448082095366 
966.001067178438 1502.0 0.0 2415.169898688097 1485.448082095366 
967.001067178438 1502.0 0.0 2415.169898688097 1485.448082095366 
968.0001137513041 1502.0 0.0 2415.169898688097 1485.448082095366 
969.001067178438 1502.0 0.0 2415.169898688097 1485.448082095366 
970.0004173742802 1502.0 0.0 2415.169898688097 1485.448082095366 
971.001067178438 1502.0 0.0 2415.169898688097 1485.448082095366 
972.001067178438 1502.0 0.0 2415.169898688097 1485.448082095366 
973.001067178438 1502.0 0.0 2415.169898688097 1485.448082095366 
974.0003269530616 1502.0 0.0 2415.169898688097 1485.448082095366 
975.001067178438 1502.0 0.0 2415.169898688097 1485.448082095366 
976.001067178438 1502.0 0.0 2415.169898688097 1485.448082095366 
977.001067178438 1502.0 0.0 2415.169898688097 1485.448082095366 
978.0001137513041 1502.0 0.0 2415.169898688097 1485.448082095366 
979.001067178438 1502.0 0.0 2415.169898688097 1485.448082095366 
980.0004173742802 1502.0 0.0 2415.169898688097 1485.448082095366 
981.001067178438 1502.0 0.0 2415.169898688097 1485.448082095366 
982.001067178438 1502.0 0.0 2415.169898688097 1485.448082095366 
983.001067178438 1502.0 0.0 2415.169898688097 1485.448082095366 
984.0003269530616 1502.0 0.0 2415.169898688097 1485.448082095366 
985.001067178438 1502.0 0.0 2415.169898688097 1485.448082095366 
986.001067178438 1502.0 0.0 2415.169898688097 1485.448082095366 
987.001067178438 1502.0 0.0 2415.169898688097 1485.448082095366 
988.0001137513041 1502.0 0.0 2415.169898688097 1485.448082095366 
989.001067178438 1502.0 0.0 2415.169898688097 1485.448082095366 
990.0004173742802 1502.0 0.0 2415.169898688097 1485.448082095366 
991.001067178438 1502.0 0.0 2415.169898688097 1485.448082095366 
992.001067178438 1502.0 0.0 2415.169898688097 1485.448082095366 
993.001067178438 1502.0 0.0 2415.169898688097 1485.448082095366 
994.0003269530616 1502.0 0.0 2415.169898688097 1485.448082095366 
995.001067178438 1502.0 0.0 2415.169898688097 1485.448082095366 
996.001067178438 1502.0 0.0 2415.169898688097 1485.448082095366 
997.001067178438 1502.0 0.0 2415.169898688097 1485.448082095366 
998.0001137513041 1502.0 0.0 2415.169898688097 1485.448082095366 
999.001067178438 1502.0 0.0 2415.169898688097 1485.448082095366 
1000.0004173742802 1502.0 0.0 2415.169898688097 1485.448082095366 
#####################################################################
# End of data export. Simulation finished at: 2021-05-05T13:23+0000 #
#####################################################################
