#####################################################################
# Alchemist log file - simulation started at: 2021-05-05T13:42+0000 #
#####################################################################
# random = 2.0, gridStep = 1.0055
#
# The columns have the following meaning: 
# time nodes[Max] S1Distance[Max] S2Distance[Max] S3Distance[Max] 
0.0 0.0 0.0 0.0 0.0 
1.0005829790527505 1500.0 2659.693607103461 2415.169898688097 1485.448082095366 
2.0005829790527505 1500.0 2659.693607103461 2415.169898688097 1485.448082095366 
3.0005829790527505 1500.0 2659.693607103461 2415.169898688097 1485.448082095366 
4.0005829790527505 1500.0 2659.693607103461 2415.169898688097 1485.448082095366 
5.0005829790527505 1500.0 2659.693607103461 2415.169898688097 1485.448082095366 
6.0005829790527505 1500.0 2659.693607103461 2415.169898688097 1485.448082095366 
7.0005829790527505 1500.0 2659.693607103461 2415.169898688097 1485.448082095366 
8.000582979052751 1500.0 2659.693607103461 2415.169898688097 1485.448082095366 
9.000582979052751 1500.0 2659.693607103461 2415.169898688097 1485.448082095366 
10.000582979052751 1500.0 2659.693607103461 2415.169898688097 1485.448082095366 
11.000582979052751 1501.0 2659.693607103461 2415.169898688097 1485.448082095366 
12.000582979052751 1501.0 2659.693607103461 2415.169898688097 1485.448082095366 
13.000582979052751 1501.0 2659.693607103461 2415.169898688097 1485.448082095366 
14.000582979052751 1501.0 2659.693607103461 2415.169898688097 1485.448082095366 
15.000582979052751 1501.0 2659.693607103461 2415.169898688097 1485.448082095366 
16.00058297905275 1501.0 2659.693607103461 2415.169898688097 1485.448082095366 
17.00058297905275 1501.0 2659.693607103461 2415.169898688097 1485.448082095366 
18.00058297905275 1501.0 2659.693607103461 2415.169898688097 1485.448082095366 
19.00058297905275 1501.0 2641.422706150797 2415.169898688097 1485.448082095366 
20.00058297905275 1501.0 2641.422706150797 2415.169898688097 1485.448082095366 
21.00058297905275 1501.0 2641.422706150797 2415.169898688097 1485.448082095366 
22.00058297905275 1501.0 2641.422706150797 2415.169898688097 1485.448082095366 
23.00058297905275 1501.0 2623.17586247555 2415.169898688097 1485.448082095366 
24.00058297905275 1501.0 2623.17586247555 2415.169898688097 1485.448082095366 
25.00058297905275 1501.0 2623.17586247555 2415.169898688097 1485.448082095366 
26.00058297905275 1501.0 2623.17586247555 2415.169898688097 1485.448082095366 
27.00058297905275 1501.0 2605.0063830811982 2415.169898688097 1485.448082095366 
28.00058297905275 1501.0 2605.0063830811982 2415.169898688097 1485.448082095366 
29.00058297905275 1501.0 2605.0063830811982 2415.169898688097 1485.448082095366 
30.00058297905275 1501.0 2605.0063830811982 2415.169898688097 1485.448082095366 
31.00058297905275 1501.0 2586.8824945030906 2415.169898688097 1485.448082095366 
32.00058297905275 1501.0 2586.8824945030906 2415.169898688097 1485.448082095366 
33.00058297905275 1501.0 2586.8824945030906 2415.169898688097 1485.448082095366 
34.00058297905275 1501.0 2586.8824945030906 2415.169898688097 1485.448082095366 
35.00058297905275 1501.0 2568.764915601609 2415.169898688097 1485.448082095366 
36.00058297905275 1501.0 2568.764915601609 2415.169898688097 1485.448082095366 
37.00058297905275 1501.0 2568.764915601609 2415.169898688097 1485.448082095366 
38.00058297905275 1501.0 2568.764915601609 2415.169898688097 1485.448082095366 
39.00058297905275 1501.0 2550.620314814409 2415.169898688097 1485.448082095366 
40.00058297905275 1501.0 2550.620314814409 2415.169898688097 1485.448082095366 
41.00058297905275 1502.0 2550.620314814409 2415.169898688097 1485.448082095366 
42.00058297905275 1502.0 2550.620314814409 2415.169898688097 1485.448082095366 
43.00058297905275 1502.0 2532.556822175603 2415.169898688097 1485.448082095366 
44.00058297905275 1502.0 2532.556822175603 2415.169898688097 1485.448082095366 
45.00058297905275 1502.0 2532.556822175603 2415.169898688097 1485.448082095366 
46.00058297905275 1502.0 2532.556822175603 2415.169898688097 1485.448082095366 
47.00058297905275 1502.0 2514.539759023405 2415.169898688097 1485.448082095366 
48.00058297905275 1502.0 2514.539759023405 2415.169898688097 1485.448082095366 
49.00058297905275 1502.0 2514.539759023405 2415.169898688097 1485.448082095366 
50.00058297905275 1502.0 2514.539759023405 2415.169898688097 1485.448082095366 
51.00058297905275 1502.0 2502.0097331097777 2415.169898688097 1485.448082095366 
52.00058297905275 1502.0 2502.0097331097777 2415.169898688097 1485.448082095366 
53.00058297905275 1502.0 2502.0097331097777 2415.169898688097 1485.448082095366 
54.00058297905275 1502.0 2502.0097331097777 2415.169898688097 1485.448082095366 
55.00058297905275 1502.0 2489.576585029094 2415.169898688097 1485.448082095366 
56.00058297905275 1502.0 2489.576585029094 2415.169898688097 1485.448082095366 
57.00058297905275 1502.0 2489.576585029094 2415.169898688097 1485.448082095366 
58.00058297905275 1502.0 2489.576585029094 2415.169898688097 1485.448082095366 
59.00058297905275 1502.0 2477.1684636743635 2415.169898688097 1485.448082095366 
60.00058297905275 1502.0 2477.1684636743635 2415.169898688097 1485.448082095366 
61.00058297905275 1502.0 2477.1684636743635 2415.169898688097 1485.448082095366 
62.00058297905275 1502.0 2477.1684636743635 2415.169898688097 1485.448082095366 
63.00058297905275 1502.0 2464.8600196284465 2415.169898688097 1485.448082095366 
64.00058297905275 1502.0 2464.8600196284465 2415.169898688097 1485.448082095366 
65.00058297905275 1502.0 2464.8600196284465 2415.169898688097 1485.448082095366 
66.00058297905275 1502.0 2464.8600196284465 2415.169898688097 1485.448082095366 
67.00058297905275 1502.0 2452.726194914408 2415.169898688097 1485.448082095366 
68.00058297905275 1502.0 2452.726194914408 2415.169898688097 1485.448082095366 
69.00058297905275 1502.0 2452.726194914408 2415.169898688097 1485.448082095366 
70.00058297905275 1502.0 2452.726194914408 2415.169898688097 1485.448082095366 
71.00058297905275 1502.0 2440.6216864783887 2415.169898688097 1485.448082095366 
72.00058297905275 1502.0 2440.6216864783887 2415.169898688097 1485.448082095366 
73.00058297905275 1502.0 2440.6216864783887 2415.169898688097 1485.448082095366 
74.00058297905275 1502.0 2440.6216864783887 2415.169898688097 1485.448082095366 
75.00058297905275 1502.0 2428.6214061977266 2415.169898688097 1485.448082095366 
76.00058297905275 1502.0 2428.6214061977266 2415.169898688097 1485.448082095366 
77.00058297905275 1502.0 2428.6214061977266 2415.169898688097 1485.448082095366 
78.00058297905275 1502.0 2428.6214061977266 2415.169898688097 1485.448082095366 
79.00058297905275 1502.0 2416.8005279954796 2415.169898688097 1485.448082095366 
80.00058297905275 1502.0 2416.8005279954796 2415.169898688097 1485.448082095366 
81.00058297905275 1502.0 2416.8005279954796 2415.169898688097 1485.448082095366 
82.00058297905275 1502.0 2416.8005279954796 2415.169898688097 1485.448082095366 
83.00058297905275 1502.0 2405.013432359856 2415.169898688097 1485.448082095366 
84.00058297905275 1502.0 2405.013432359856 2415.169898688097 1485.448082095366 
85.00058297905275 1502.0 2405.013432359856 2415.169898688097 1485.448082095366 
86.00058297905275 1502.0 2405.013432359856 2415.169898688097 1485.448082095366 
87.00058297905275 1502.0 2386.32514569595 2415.169898688097 1485.448082095366 
88.00058297905275 1502.0 2386.32514569595 2415.169898688097 1485.448082095366 
89.00058297905275 1502.0 2386.32514569595 2415.169898688097 1485.448082095366 
90.00058297905275 1502.0 2386.32514569595 2415.169898688097 1485.448082095366 
91.00058297905275 1502.0 2367.730419316615 2415.169898688097 1485.448082095366 
92.00058297905275 1502.0 2367.730419316615 2415.169898688097 1485.448082095366 
93.00058297905275 1502.0 2367.730419316615 2415.169898688097 1485.448082095366 
94.00058297905275 1502.0 2367.730419316615 2415.169898688097 1485.448082095366 
95.00058297905275 1502.0 2349.0823059676613 2415.169898688097 1485.448082095366 
96.00058297905275 1502.0 2349.0823059676613 2415.169898688097 1485.448082095366 
97.00058297905275 1502.0 2349.0823059676613 2415.169898688097 1485.448082095366 
98.00058297905275 1502.0 2349.0823059676613 2415.169898688097 1485.448082095366 
99.00058297905275 1502.0 2330.444365552796 2415.169898688097 1485.448082095366 
100.00058297905275 1502.0 2330.444365552796 2415.169898688097 1485.448082095366 
101.00058297905275 1503.0 2330.444365552796 2415.169898688097 1485.448082095366 
102.00058297905275 1503.0 2330.444365552796 2415.169898688097 1485.448082095366 
103.00058297905275 1503.0 2311.902191616537 2415.169898688097 1485.448082095366 
104.00058297905275 1503.0 2311.902191616537 2415.169898688097 1485.448082095366 
105.00058297905275 1503.0 2311.902191616537 2415.169898688097 1485.448082095366 
106.00058297905275 1503.0 2311.902191616537 2415.169898688097 1485.448082095366 
107.00058297905275 1503.0 2293.318702856637 2415.169898688097 1485.448082095366 
108.00058297905275 1503.0 2293.318702856637 2415.169898688097 1485.448082095366 
109.00058297905275 1503.0 2293.318702856637 2415.169898688097 1485.448082095366 
110.00058297905275 1503.0 2293.318702856637 2415.169898688097 1485.448082095366 
111.00058297905275 1503.0 2274.821819219667 2415.169898688097 1485.448082095366 
112.00058297905275 1503.0 2274.821819219667 2415.169898688097 1485.448082095366 
113.00058297905275 1503.0 2274.821819219667 2415.169898688097 1485.448082095366 
114.00058297905275 1503.0 2274.821819219667 2415.169898688097 1485.448082095366 
115.00058297905275 1503.0 2256.28398359271 2415.169898688097 1485.448082095366 
116.00058297905275 1503.0 2256.28398359271 2415.169898688097 1485.448082095366 
117.00058297905275 1503.0 2256.28398359271 2415.169898688097 1485.448082095366 
118.00058297905275 1503.0 2256.28398359271 2415.169898688097 1485.448082095366 
119.00058297905275 1503.0 2237.760772350462 2415.169898688097 1485.448082095366 
120.00058297905275 1503.0 2237.760772350462 2415.169898688097 1485.448082095366 
121.00058297905275 1503.0 2237.760772350462 2415.169898688097 1485.448082095366 
122.00058297905275 1503.0 2237.760772350462 2415.169898688097 1485.448082095366 
123.00058297905275 1503.0 2219.336262693603 2415.169898688097 1485.448082095366 
124.00058297905275 1503.0 2219.336262693603 2415.169898688097 1485.448082095366 
125.00058297905275 1503.0 2219.336262693603 2415.169898688097 1485.448082095366 
126.00058297905275 1503.0 2219.336262693603 2415.169898688097 1485.448082095366 
127.00058297905275 1503.0 2200.8714400252593 2415.169898688097 1485.448082095366 
128.00058297905275 1503.0 2200.8714400252593 2415.169898688097 1485.448082095366 
129.00058297905275 1503.0 2200.8714400252593 2415.169898688097 1485.448082095366 
130.00058297905275 1503.0 2200.8714400252593 2415.169898688097 1485.448082095366 
131.00058297905275 1503.0 2186.467882663162 2415.169898688097 1485.448082095366 
132.00058297905275 1503.0 2186.467882663162 2415.169898688097 1485.448082095366 
133.00058297905275 1503.0 2186.467882663162 2415.169898688097 1485.448082095366 
134.00058297905275 1503.0 2186.467882663162 2415.169898688097 1485.448082095366 
135.00058297905275 1503.0 2172.1520919987615 2415.169898688097 1485.448082095366 
136.00058297905275 1503.0 2172.1520919987615 2415.169898688097 1485.448082095366 
137.00058297905275 1503.0 2172.1520919987615 2415.169898688097 1485.448082095366 
138.00058297905275 1503.0 2172.1520919987615 2415.169898688097 1485.448082095366 
139.00058297905275 1503.0 2157.8520273168433 2415.169898688097 1485.448082095366 
140.00058297905275 1503.0 2157.8520273168433 2415.169898688097 1485.448082095366 
141.00058297905275 1503.0 2157.8520273168433 2415.169898688097 1485.448082095366 
142.00058297905275 1503.0 2157.8520273168433 2415.169898688097 1485.448082095366 
143.00058297905275 1503.0 2143.632392207744 2415.169898688097 1485.448082095366 
144.00058297905275 1503.0 2143.632392207744 2415.169898688097 1485.448082095366 
145.00058297905275 1503.0 2143.632392207744 2415.169898688097 1485.448082095366 
146.00058297905275 1503.0 2143.632392207744 2415.169898688097 1485.448082095366 
147.00058297905275 1503.0 2128.759597068617 2415.169898688097 1485.448082095366 
148.00058297905275 1503.0 2128.759597068617 2415.169898688097 1485.448082095366 
149.00058297905275 1503.0 2128.759597068617 2415.169898688097 1485.448082095366 
150.00058297905275 1503.0 2128.759597068617 2415.169898688097 1485.448082095366 
151.00058297905275 1503.0 2114.0449066497927 2415.169898688097 1485.448082095366 
152.00058297905275 1503.0 2114.0449066497927 2415.169898688097 1485.448082095366 
153.00058297905275 1503.0 2114.0449066497927 2415.169898688097 1485.448082095366 
154.00058297905275 1503.0 2114.0449066497927 2415.169898688097 1485.448082095366 
155.00058297905275 1503.0 2099.1825233862814 2415.169898688097 1485.448082095366 
156.00058297905275 1503.0 2099.1825233862814 2415.169898688097 1485.448082095366 
157.00058297905275 1503.0 2099.1825233862814 2415.169898688097 1485.448082095366 
158.00058297905275 1503.0 2099.1825233862814 2415.169898688097 1485.448082095366 
159.00058297905275 1503.0 2084.4667708299357 2415.169898688097 1485.448082095366 
160.00058297905275 1503.0 2084.4667708299357 2415.169898688097 1485.448082095366 
161.00058297905275 1503.0 2084.4667708299357 2415.169898688097 1485.448082095366 
162.00058297905275 1503.0 2084.4667708299357 2415.169898688097 1485.448082095366 
163.00058297905275 1503.0 2069.7647050379956 2415.169898688097 1485.448082095366 
164.00058297905275 1503.0 2069.7647050379956 2415.169898688097 1485.448082095366 
165.00058297905275 1503.0 2069.7647050379956 2415.169898688097 1485.448082095366 
166.00058297905275 1503.0 2069.7647050379956 2415.169898688097 1485.448082095366 
167.00058297905275 1503.0 2055.2251983509877 2415.169898688097 1485.448082095366 
168.00058297905275 1503.0 2055.2251983509877 2415.169898688097 1485.448082095366 
169.00058297905275 1503.0 2055.2251983509877 2415.169898688097 1485.448082095366 
170.00058297905275 1503.0 2055.2251983509877 2415.169898688097 1485.448082095366 
171.00058297905275 1503.0 2040.7032825449805 2415.169898688097 1485.448082095366 
172.00058297905275 1503.0 2040.7032825449805 2415.169898688097 1485.448082095366 
173.00058297905275 1503.0 2040.7032825449805 2415.169898688097 1485.448082095366 
174.00058297905275 1503.0 2040.7032825449805 2415.169898688097 1485.448082095366 
175.00058297905275 1503.0 2028.7842608293804 2415.169898688097 1485.448082095366 
176.00058297905275 1503.0 2028.7842608293804 2415.169898688097 1485.448082095366 
177.00058297905275 1503.0 2028.7842608293804 2415.169898688097 1485.448082095366 
178.00058297905275 1503.0 2028.7842608293804 2415.169898688097 1485.448082095366 
179.00058297905275 1503.0 2011.4424372734736 2415.169898688097 1485.448082095366 
180.00058297905275 1503.0 2011.4424372734736 2415.169898688097 1485.448082095366 
181.00058297905275 1503.0 2011.4424372734736 2415.169898688097 1485.448082095366 
182.00058297905275 1503.0 2011.4424372734736 2415.169898688097 1485.448082095366 
183.00058297905275 1503.0 1994.1508197170372 2415.169898688097 1485.448082095366 
184.00058297905275 1503.0 1994.1508197170372 2415.169898688097 1485.448082095366 
185.00058297905275 1503.0 1994.1508197170372 2415.169898688097 1485.448082095366 
186.00058297905275 1503.0 1994.1508197170372 2415.169898688097 1485.448082095366 
187.00058297905275 1503.0 1978.440572351038 2415.169898688097 1485.448082095366 
188.00058297905275 1503.0 1978.440572351038 2415.169898688097 1485.448082095366 
189.00058297905275 1503.0 1978.440572351038 2415.169898688097 1485.448082095366 
190.00058297905275 1503.0 1978.440572351038 2415.169898688097 1485.448082095366 
191.00058297905275 1503.0 1962.9546604899042 2415.169898688097 1485.448082095366 
192.00058297905275 1503.0 1962.9546604899042 2415.169898688097 1485.448082095366 
193.00058297905275 1503.0 1962.9546604899042 2415.169898688097 1485.448082095366 
194.00058297905275 1503.0 1962.9546604899042 2415.169898688097 1485.448082095366 
195.00058297905275 1503.0 1947.4753230362055 2415.169898688097 1485.448082095366 
196.00058297905275 1503.0 1947.4753230362055 2415.169898688097 1485.448082095366 
197.00058297905275 1503.0 1947.4753230362055 2415.169898688097 1485.448082095366 
198.00058297905275 1503.0 1947.4753230362055 2415.169898688097 1485.448082095366 
199.00058297905275 1503.0 1932.1511027248118 2415.169898688097 1485.448082095366 
200.00058297905275 1503.0 1932.1511027248118 2415.169898688097 1485.448082095366 
201.00058297905275 1503.0 1932.1511027248118 2415.169898688097 1485.448082095366 
202.00058297905275 1503.0 1932.1511027248118 2415.169898688097 1485.448082095366 
203.00058297905275 1503.0 1913.465243319513 2415.169898688097 1485.448082095366 
204.00058297905275 1503.0 1913.465243319513 2415.169898688097 1485.448082095366 
205.00058297905275 1503.0 1913.465243319513 2415.169898688097 1485.448082095366 
206.00058297905275 1503.0 1913.465243319513 2415.169898688097 1485.448082095366 
207.00058297905275 1503.0 1894.8796981554142 2415.169898688097 1485.448082095366 
208.00058297905275 1503.0 1894.8796981554142 2415.169898688097 1485.448082095366 
209.00058297905275 1503.0 1894.8796981554142 2415.169898688097 1485.448082095366 
210.00058297905275 1503.0 1894.8796981554142 2415.169898688097 1485.448082095366 
211.00058297905275 1503.0 1876.2483234174895 2415.169898688097 1485.448082095366 
212.00058297905275 1503.0 1876.2483234174895 2415.169898688097 1485.448082095366 
213.00058297905275 1503.0 1876.2483234174895 2415.169898688097 1485.448082095366 
214.00058297905275 1503.0 1876.2483234174895 2415.169898688097 1485.448082095366 
215.00058297905275 1503.0 1857.6454027194686 2415.169898688097 1485.448082095366 
216.00058297905275 1503.0 1857.6454027194686 2415.169898688097 1485.448082095366 
217.00058297905275 1503.0 1857.6454027194686 2415.169898688097 1485.448082095366 
218.00058297905275 1503.0 1857.6454027194686 2415.169898688097 1485.448082095366 
219.00058297905275 1503.0 1839.0717986882996 2415.169898688097 1485.448082095366 
220.00058297905275 1503.0 1839.0717986882996 2415.169898688097 1485.448082095366 
221.00058297905275 1503.0 1839.0717986882996 2415.169898688097 1485.448082095366 
222.00058297905275 1503.0 1839.0717986882996 2415.169898688097 1485.448082095366 
223.00058297905275 1503.0 1820.602038975141 2415.169898688097 1485.448082095366 
224.00058297905275 1503.0 1820.602038975141 2415.169898688097 1485.448082095366 
225.00058297905275 1503.0 1820.602038975141 2415.169898688097 1485.448082095366 
226.00058297905275 1503.0 1820.602038975141 2415.169898688097 1485.448082095366 
227.00058297905275 1503.0 1802.0898271201668 2415.169898688097 1485.448082095366 
228.00058297905275 1503.0 1802.0898271201668 2415.169898688097 1485.448082095366 
229.00058297905275 1503.0 1802.0898271201668 2415.169898688097 1485.448082095366 
230.00058297905275 1503.0 1802.0898271201668 2415.169898688097 1485.448082095366 
231.00058297905275 1503.0 1783.6097285423261 2415.169898688097 1485.448082095366 
232.00058297905275 1503.0 1783.6097285423261 2415.169898688097 1485.448082095366 
233.00058297905275 1503.0 1783.6097285423261 2415.169898688097 1485.448082095366 
234.00058297905275 1503.0 1783.6097285423261 2415.169898688097 1485.448082095366 
235.00058297905275 1503.0 1765.1627509772884 2415.169898688097 1485.448082095366 
236.00058297905275 1503.0 1765.1627509772884 2415.169898688097 1485.448082095366 
237.00058297905275 1503.0 1765.1627509772884 2415.169898688097 1485.448082095366 
238.00058297905275 1503.0 1765.1627509772884 2415.169898688097 1485.448082095366 
239.00058297905275 1503.0 1746.8237066211739 2415.169898688097 1485.448082095366 
240.00058297905275 1503.0 1746.8237066211739 2415.169898688097 1485.448082095366 
241.00058297905275 1503.0 1746.8237066211739 2415.169898688097 1485.448082095366 
242.00058297905275 1503.0 1746.8237066211739 2415.169898688097 1485.448082095366 
243.00058297905275 1503.0 1728.4563113454556 2415.169898688097 1485.448082095366 
244.00058297905275 1503.0 1728.4563113454556 2415.169898688097 1485.448082095366 
245.00058297905275 1503.0 1728.4563113454556 2415.169898688097 1485.448082095366 
246.00058297905275 1503.0 1728.4563113454556 2415.169898688097 1485.448082095366 
247.00058297905275 1503.0 1710.1885021258943 2415.169898688097 1485.448082095366 
248.00058297905275 1503.0 1710.1885021258943 2415.169898688097 1485.448082095366 
249.00058297905275 1503.0 1710.1885021258943 2415.169898688097 1485.448082095366 
250.00058297905275 1503.0 1710.1885021258943 2415.169898688097 1485.448082095366 
251.00058297905275 1503.0 1691.95831880851 2415.169898688097 1485.448082095366 
252.00058297905275 1503.0 1691.95831880851 2415.169898688097 1485.448082095366 
253.00058297905275 1503.0 1691.95831880851 2415.169898688097 1485.448082095366 
254.00058297905275 1503.0 1691.95831880851 2415.169898688097 1485.448082095366 
255.00058297905275 1503.0 1672.0773298357387 2415.169898688097 1485.448082095366 
256.00058297905275 1503.0 1672.0773298357387 2415.169898688097 1485.448082095366 
257.00058297905275 1503.0 1672.0773298357387 2415.169898688097 1485.448082095366 
258.00058297905275 1503.0 1672.0773298357387 2415.169898688097 1485.448082095366 
259.00058297905275 1503.0 1652.1973446096183 2415.169898688097 1485.448082095366 
260.00058297905275 1503.0 1652.1973446096183 2415.169898688097 1485.448082095366 
261.00058297905275 1503.0 1652.1973446096183 2415.169898688097 1485.448082095366 
262.00058297905275 1503.0 1652.1973446096183 2415.169898688097 1485.448082095366 
263.00058297905275 1503.0 1632.3482376316783 2415.169898688097 1485.448082095366 
264.00058297905275 1503.0 1632.3482376316783 2415.169898688097 1485.448082095366 
265.00058297905275 1503.0 1632.3482376316783 2415.169898688097 1485.448082095366 
266.00058297905275 1503.0 1632.3482376316783 2415.169898688097 1485.448082095366 
267.00058297905275 1503.0 1612.5752018579387 2415.169898688097 1485.448082095366 
268.00058297905275 1503.0 1612.5752018579387 2415.169898688097 1485.448082095366 
269.00058297905275 1503.0 1612.5752018579387 2415.169898688097 1485.448082095366 
270.00058297905275 1503.0 1612.5752018579387 2415.169898688097 1485.448082095366 
271.00058297905275 1503.0 1592.730571623192 2415.169898688097 1485.448082095366 
272.00058297905275 1503.0 1592.730571623192 2415.169898688097 1485.448082095366 
273.00058297905275 1503.0 1592.730571623192 2415.169898688097 1485.448082095366 
274.00058297905275 1503.0 1592.730571623192 2415.169898688097 1485.448082095366 
275.00058297905275 1503.0 1572.9621936862902 2415.169898688097 1485.448082095366 
276.00058297905275 1503.0 1572.9621936862902 2415.169898688097 1485.448082095366 
277.00058297905275 1503.0 1572.9621936862902 2415.169898688097 1485.448082095366 
278.00058297905275 1503.0 1572.9621936862902 2415.169898688097 1485.448082095366 
279.00058297905275 1503.0 1553.1223834861419 2415.169898688097 1485.448082095366 
280.00058297905275 1503.0 1553.1223834861419 2415.169898688097 1485.448082095366 
281.00058297905275 1503.0 1553.1223834861419 2415.169898688097 1485.448082095366 
282.00058297905275 1503.0 1553.1223834861419 2415.169898688097 1485.448082095366 
283.00058297905275 1503.0 1533.285119629029 2415.169898688097 1485.448082095366 
284.00058297905275 1503.0 1533.285119629029 2415.169898688097 1485.448082095366 
285.00058297905275 1503.0 1533.285119629029 2415.169898688097 1485.448082095366 
286.00058297905275 1503.0 1533.285119629029 2415.169898688097 1485.448082095366 
287.00058297905275 1503.0 1513.4505017796757 2415.169898688097 1485.448082095366 
288.00058297905275 1503.0 1513.4505017796757 2415.169898688097 1485.448082095366 
289.00058297905275 1503.0 1513.4505017796757 2415.169898688097 1485.448082095366 
290.00058297905275 1503.0 1513.4505017796757 2415.169898688097 1485.448082095366 
291.00058297905275 1503.0 1493.6108347842194 2415.169898688097 1485.448082095366 
292.00058297905275 1503.0 1493.6108347842194 2415.169898688097 1485.448082095366 
293.00058297905275 1503.0 1493.6108347842194 2415.169898688097 1485.448082095366 
294.00058297905275 1503.0 1493.6108347842194 2415.169898688097 1485.448082095366 
295.00058297905275 1503.0 1473.7350963086067 2415.169898688097 1485.448082095366 
296.00058297905275 1503.0 1473.7350963086067 2415.169898688097 1485.448082095366 
297.00058297905275 1503.0 1473.7350963086067 2415.169898688097 1485.448082095366 
298.00058297905275 1503.0 1473.7350963086067 2415.169898688097 1485.448082095366 
299.00058297905275 1503.0 1453.8609381820781 2415.169898688097 1485.448082095366 
300.00058297905275 1503.0 1453.8609381820781 2415.169898688097 1485.448082095366 
301.00058297905275 1503.0 1453.8609381820781 2415.169898688097 1485.448082095366 
302.00058297905275 1503.0 1453.8609381820781 2415.169898688097 1485.448082095366 
303.00058297905275 1503.0 1434.0623287824428 2415.169898688097 1485.448082095366 
304.00058297905275 1503.0 1434.0623287824428 2415.169898688097 1485.448082095366 
305.00058297905275 1503.0 1434.0623287824428 2415.169898688097 1485.448082095366 
306.00058297905275 1503.0 1434.0623287824428 2415.169898688097 1485.448082095366 
307.00058297905275 1503.0 1414.1915261616239 2415.169898688097 1485.448082095366 
308.00058297905275 1503.0 1414.1915261616239 2415.169898688097 1485.448082095366 
309.00058297905275 1503.0 1414.1915261616239 2415.169898688097 1485.448082095366 
310.00058297905275 1503.0 1414.1915261616239 2415.169898688097 1485.448082095366 
311.00058297905275 1503.0 1394.314123078846 2415.169898688097 1485.448082095366 
312.00058297905275 1503.0 1394.314123078846 2415.169898688097 1485.448082095366 
313.00058297905275 1503.0 1394.314123078846 2415.169898688097 1485.448082095366 
314.00058297905275 1503.0 1394.314123078846 2415.169898688097 1485.448082095366 
315.00058297905275 1503.0 1374.4383353743333 2415.169898688097 1485.448082095366 
316.00058297905275 1503.0 1374.4383353743333 2415.169898688097 1485.448082095366 
317.00058297905275 1503.0 1374.4383353743333 2415.169898688097 1485.448082095366 
318.00058297905275 1503.0 1374.4383353743333 2415.169898688097 1485.448082095366 
319.00058297905275 1503.0 1354.6381123592948 2415.169898688097 1485.448082095366 
320.00058297905275 1503.0 1354.6381123592948 2415.169898688097 1485.448082095366 
321.00058297905275 1503.0 1354.6381123592948 2415.169898688097 1485.448082095366 
322.00058297905275 1503.0 1354.6381123592948 2415.169898688097 1485.448082095366 
323.00058297905275 1503.0 1334.7657662714876 2415.169898688097 1485.448082095366 
324.00058297905275 1503.0 1334.7657662714876 2415.169898688097 1485.448082095366 
325.00058297905275 1503.0 1334.7657662714876 2415.169898688097 1485.448082095366 
326.00058297905275 1503.0 1334.7657662714876 2415.169898688097 1485.448082095366 
327.00058297905275 1503.0 1314.8952615869998 2415.169898688097 1485.448082095366 
328.00058297905275 1503.0 1314.8952615869998 2415.169898688097 1485.448082095366 
329.00058297905275 1503.0 1314.8952615869998 2415.169898688097 1485.448082095366 
330.00058297905275 1503.0 1314.8952615869998 2415.169898688097 1485.448082095366 
331.00058297905275 1503.0 1300.9020145846278 2415.169898688097 1485.448082095366 
332.00058297905275 1503.0 1300.9020145846278 2415.169898688097 1485.448082095366 
333.00058297905275 1503.0 1300.9020145846278 2415.169898688097 1485.448082095366 
334.00058297905275 1503.0 1300.9020145846278 2415.169898688097 1485.448082095366 
335.00058297905275 1503.0 1281.2409579475054 2415.169898688097 1485.448082095366 
336.00058297905275 1503.0 1281.2409579475054 2415.169898688097 1485.448082095366 
337.00058297905275 1503.0 1281.2409579475054 2415.169898688097 1485.448082095366 
338.00058297905275 1503.0 1281.2409579475054 2415.169898688097 1485.448082095366 
339.00058297905275 1503.0 1261.4496894763324 2415.169898688097 1485.448082095366 
340.00058297905275 1503.0 1261.4496894763324 2415.169898688097 1485.448082095366 
341.00058297905275 1503.0 1261.4496894763324 2415.169898688097 1485.448082095366 
342.00058297905275 1503.0 1261.4496894763324 2415.169898688097 1485.448082095366 
343.00058297905275 1503.0 1241.738043496356 2415.169898688097 1485.448082095366 
344.00058297905275 1503.0 1241.738043496356 2415.169898688097 1485.448082095366 
345.00058297905275 1503.0 1241.738043496356 2415.169898688097 1485.448082095366 
346.00058297905275 1503.0 1241.738043496356 2415.169898688097 1485.448082095366 
347.00058297905275 1503.0 1221.9585121178534 2415.169898688097 1485.448082095366 
348.00058297905275 1503.0 1221.9585121178534 2415.169898688097 1485.448082095366 
349.00058297905275 1503.0 1221.9585121178534 2415.169898688097 1485.448082095366 
350.00058297905275 1503.0 1221.9585121178534 2415.169898688097 1485.448082095366 
351.00058297905275 1503.0 1202.1852913661412 2415.169898688097 1485.448082095366 
352.00058297905275 1503.0 1202.1852913661412 2415.169898688097 1485.448082095366 
353.00058297905275 1503.0 1202.1852913661412 2415.169898688097 1485.448082095366 
354.00058297905275 1503.0 1202.1852913661412 2415.169898688097 1485.448082095366 
355.00058297905275 1503.0 1182.418698050294 2415.169898688097 1485.448082095366 
356.00058297905275 1503.0 1182.418698050294 2415.169898688097 1485.448082095366 
357.00058297905275 1503.0 1182.418698050294 2415.169898688097 1485.448082095366 
358.00058297905275 1503.0 1182.418698050294 2415.169898688097 1485.448082095366 
359.00058297905275 1503.0 1162.5001229803072 2415.169898688097 1485.448082095366 
360.00058297905275 1503.0 1162.5001229803072 2415.169898688097 1485.448082095366 
361.00058297905275 1503.0 1162.5001229803072 2415.169898688097 1485.448082095366 
362.00058297905275 1503.0 1162.5001229803072 2415.169898688097 1485.448082095366 
363.00058297905275 1503.0 1142.8008416981966 2415.169898688097 1485.448082095366 
364.00058297905275 1503.0 1142.8008416981966 2415.169898688097 1485.448082095366 
365.00058297905275 1503.0 1142.8008416981966 2415.169898688097 1485.448082095366 
366.00058297905275 1503.0 1142.8008416981966 2415.169898688097 1485.448082095366 
367.00058297905275 1503.0 1123.0344561857469 2415.169898688097 1485.448082095366 
368.00058297905275 1503.0 1123.0344561857469 2415.169898688097 1485.448082095366 
369.00058297905275 1503.0 1123.0344561857469 2415.169898688097 1485.448082095366 
370.00058297905275 1503.0 1123.0344561857469 2415.169898688097 1485.448082095366 
371.00058297905275 1503.0 1103.4590777027086 2415.169898688097 1485.448082095366 
372.00058297905275 1503.0 1103.4590777027086 2415.169898688097 1485.448082095366 
373.00058297905275 1503.0 1103.4590777027086 2415.169898688097 1485.448082095366 
374.00058297905275 1503.0 1103.4590777027086 2415.169898688097 1485.448082095366 
375.00058297905275 1503.0 1083.8963110379577 2415.169898688097 1485.448082095366 
376.00058297905275 1503.0 1083.8963110379577 2415.169898688097 1485.448082095366 
377.00058297905275 1503.0 1083.8963110379577 2415.169898688097 1485.448082095366 
378.00058297905275 1503.0 1083.8963110379577 2415.169898688097 1485.448082095366 
379.00058297905275 1503.0 1064.3468506368008 2415.169898688097 1485.448082095366 
380.00058297905275 1503.0 1064.3468506368008 2415.169898688097 1485.448082095366 
381.00058297905275 1503.0 1064.3468506368008 2415.169898688097 1485.448082095366 
382.00058297905275 1503.0 1064.3468506368008 2415.169898688097 1485.448082095366 
383.00058297905275 1503.0 1044.8114424284324 2415.169898688097 1485.448082095366 
384.00058297905275 1503.0 1044.8114424284324 2415.169898688097 1485.448082095366 
385.00058297905275 1503.0 1044.8114424284324 2415.169898688097 1485.448082095366 
386.00058297905275 1503.0 1044.8114424284324 2415.169898688097 1485.448082095366 
387.00058297905275 1503.0 1025.2908886344535 2415.169898688097 1485.448082095366 
388.00058297905275 1503.0 1025.2908886344535 2415.169898688097 1485.448082095366 
389.00058297905275 1503.0 1025.2908886344535 2415.169898688097 1485.448082095366 
390.00058297905275 1503.0 1025.2908886344535 2415.169898688097 1485.448082095366 
391.00058297905275 1503.0 1005.7860531204136 2415.169898688097 1485.448082095366 
392.00058297905275 1503.0 1005.7860531204136 2415.169898688097 1485.448082095366 
393.00058297905275 1503.0 1005.7860531204136 2415.169898688097 1485.448082095366 
394.00058297905275 1503.0 1005.7860531204136 2415.169898688097 1485.448082095366 
395.00058297905275 1503.0 986.2978673615451 2415.169898688097 1485.448082095366 
396.00058297905275 1503.0 986.2978673615451 2415.169898688097 1485.448082095366 
397.00058297905275 1503.0 986.2978673615451 2415.169898688097 1485.448082095366 
398.00058297905275 1503.0 986.2978673615451 2415.169898688097 1485.448082095366 
399.00058297905275 1503.0 966.4078727335458 2415.169898688097 1485.448082095366 
400.00058297905275 1503.0 966.4078727335458 2415.169898688097 1485.448082095366 
401.00058297905275 1503.0 966.4078727335458 2415.169898688097 1485.448082095366 
402.00058297905275 1503.0 966.4078727335458 2415.169898688097 1485.448082095366 
403.00058297905275 1503.0 946.4439253545884 2415.169898688097 1485.448082095366 
404.00058297905275 1503.0 946.4439253545884 2415.169898688097 1485.448082095366 
405.00058297905275 1503.0 946.4439253545884 2415.169898688097 1485.448082095366 
406.00058297905275 1503.0 946.4439253545884 2415.169898688097 1485.448082095366 
407.00058297905275 1503.0 926.4799916358398 2415.169898688097 1485.448082095366 
408.00058297905275 1503.0 926.4799916358398 2415.169898688097 1485.448082095366 
409.00058297905275 1503.0 926.4799916358398 2415.169898688097 1485.448082095366 
410.00058297905275 1503.0 926.4799916358398 2415.169898688097 1485.448082095366 
411.00058297905275 1503.0 906.5160722225986 2415.169898688097 1485.448082095366 
412.00058297905275 1503.0 906.5160722225986 2415.169898688097 1485.448082095366 
413.00058297905275 1503.0 906.5160722225986 2415.169898688097 1485.448082095366 
414.00058297905275 1503.0 906.5160722225986 2415.169898688097 1485.448082095366 
415.00058297905275 1503.0 886.6261312863676 2415.169898688097 1485.448082095366 
416.00058297905275 1503.0 886.6261312863676 2415.169898688097 1485.448082095366 
417.00058297905275 1503.0 886.6261312863676 2415.169898688097 1485.448082095366 
418.00058297905275 1503.0 886.6261312863676 2415.169898688097 1485.448082095366 
419.00058297905275 1503.0 866.6622421199645 2415.169898688097 1485.448082095366 
420.00058297905275 1503.0 866.6622421199645 2415.169898688097 1485.448082095366 
421.00058297905275 1503.0 866.6622421199645 2415.169898688097 1485.448082095366 
422.00058297905275 1503.0 866.6622421199645 2415.169898688097 1485.448082095366 
423.00058297905275 1503.0 846.6983695467084 2415.169898688097 1485.448082095366 
424.00058297905275 1503.0 846.6983695467084 2415.169898688097 1485.448082095366 
425.00058297905275 1503.0 846.6983695467084 2415.169898688097 1485.448082095366 
426.00058297905275 1503.0 846.6983695467084 2415.169898688097 1485.448082095366 
427.00058297905275 1503.0 826.7345144874774 2415.169898688097 1485.448082095366 
428.00058297905275 1503.0 826.7345144874774 2415.169898688097 1485.448082095366 
429.00058297905275 1503.0 826.7345144874774 2415.169898688097 1485.448082095366 
430.00058297905275 1503.0 826.7345144874774 2415.169898688097 1485.448082095366 
431.00058297905275 1503.0 806.8378195768971 2415.169898688097 1485.448082095366 
432.00058297905275 1503.0 806.8378195768971 2415.169898688097 1485.448082095366 
433.00058297905275 1503.0 806.8378195768971 2415.169898688097 1485.448082095366 
434.00058297905275 1503.0 806.8378195768971 2415.169898688097 1485.448082095366 
435.00058297905275 1503.0 786.8671671549065 2415.169898688097 1485.448082095366 
436.00058297905275 1503.0 786.8671671549065 2415.169898688097 1485.448082095366 
437.00058297905275 1503.0 786.8671671549065 2415.169898688097 1485.448082095366 
438.00058297905275 1503.0 786.8671671549065 2415.169898688097 1485.448082095366 
439.00058297905275 1503.0 766.8965190082091 2415.169898688097 1485.448082095366 
440.00058297905275 1503.0 766.8965190082091 2415.169898688097 1485.448082095366 
441.00058297905275 1503.0 766.8965190082091 2415.169898688097 1485.448082095366 
442.00058297905275 1503.0 766.8965190082091 2415.169898688097 1485.448082095366 
443.00058297905275 1503.0 746.9258751367106 2415.169898688097 1485.448082095366 
444.00058297905275 1503.0 746.9258751367106 2415.169898688097 1485.448082095366 
445.00058297905275 1503.0 746.9258751367106 2415.169898688097 1485.448082095366 
446.00058297905275 1503.0 746.9258751367106 2415.169898688097 1485.448082095366 
447.00058297905275 1503.0 727.0291973495349 2415.169898688097 1485.448082095366 
448.00058297905275 1503.0 727.0291973495349 2415.169898688097 1485.448082095366 
449.00058297905275 1503.0 727.0291973495349 2415.169898688097 1485.448082095366 
450.00058297905275 1503.0 727.0291973495349 2415.169898688097 1485.448082095366 
451.00058297905275 1503.0 707.0585620300868 2415.169898688097 1485.448082095366 
452.00058297905275 1503.0 707.0585620300868 2415.169898688097 1485.448082095366 
453.00058297905275 1503.0 707.0585620300868 2415.169898688097 1485.448082095366 
454.00058297905275 1503.0 707.0585620300868 2415.169898688097 1485.448082095366 
455.00058297905275 1503.0 687.087930987372 2415.169898688097 1485.448082095366 
456.00058297905275 1503.0 687.087930987372 2415.169898688097 1485.448082095366 
457.00058297905275 1503.0 687.087930987372 2415.169898688097 1485.448082095366 
458.00058297905275 1503.0 687.087930987372 2415.169898688097 1485.448082095366 
459.00058297905275 1503.0 667.1173042213735 2415.169898688097 1485.448082095366 
460.00058297905275 1503.0 667.1173042213735 2415.169898688097 1485.448082095366 
461.00058297905275 1503.0 667.1173042213735 2415.169898688097 1485.448082095366 
462.00058297905275 1503.0 667.1173042213735 2415.169898688097 1485.448082095366 
463.00058297905275 1503.0 647.1466817322362 2415.169898688097 1485.448082095366 
464.00058297905275 1503.0 647.1466817322362 2415.169898688097 1485.448082095366 
465.00058297905275 1503.0 647.1466817322362 2415.169898688097 1485.448082095366 
466.00058297905275 1503.0 647.1466817322362 2415.169898688097 1485.448082095366 
467.00058297905275 1503.0 627.2500253701492 2415.169898688097 1485.448082095366 
468.00058297905275 1503.0 627.2500253701492 2415.169898688097 1485.448082095366 
469.00058297905275 1503.0 627.2500253701492 2415.169898688097 1485.448082095366 
470.00058297905275 1503.0 627.2500253701492 2415.169898688097 1485.448082095366 
471.00058297905275 1503.0 607.279411440782 2415.169898688097 1485.448082095366 
472.00058297905275 1503.0 607.279411440782 2415.169898688097 1485.448082095366 
473.00058297905275 1503.0 607.279411440782 2415.169898688097 1485.448082095366 
474.00058297905275 1503.0 607.279411440782 2415.169898688097 1485.448082095366 
475.00058297905275 1503.0 587.3088017906487 2415.169898688097 1485.448082095366 
476.00058297905275 1503.0 587.3088017906487 2415.169898688097 1485.448082095366 
477.00058297905275 1503.0 587.3088017906487 2415.169898688097 1485.448082095366 
478.00058297905275 1503.0 587.3088017906487 2415.169898688097 1485.448082095366 
479.00058297905275 1503.0 567.3381964202191 2415.169898688097 1485.448082095366 
480.00058297905275 1503.0 567.3381964202191 2415.169898688097 1485.448082095366 
481.00058297905275 1503.0 567.3381964202191 2415.169898688097 1485.448082095366 
482.00058297905275 1503.0 567.3381964202191 2415.169898688097 1485.448082095366 
483.00058297905275 1503.0 547.4415572407403 2415.169898688097 1485.448082095366 
484.00058297905275 1503.0 547.4415572407403 2415.169898688097 1485.448082095366 
485.00058297905275 1503.0 547.4415572407403 2415.169898688097 1485.448082095366 
486.00058297905275 1503.0 547.4415572407403 2415.169898688097 1485.448082095366 
487.00058297905275 1503.0 527.470960441646 2415.169898688097 1485.448082095366 
488.00058297905275 1503.0 527.470960441646 2415.169898688097 1485.448082095366 
489.00058297905275 1503.0 527.470960441646 2415.169898688097 1485.448082095366 
490.00058297905275 1503.0 527.470960441646 2415.169898688097 1485.448082095366 
491.00058297905275 1503.0 507.500367925608 2415.169898688097 1485.448082095366 
492.00058297905275 1503.0 507.500367925608 2415.169898688097 1485.448082095366 
493.00058297905275 1503.0 507.500367925608 2415.169898688097 1485.448082095366 
494.00058297905275 1503.0 507.500367925608 2415.169898688097 1485.448082095366 
495.00058297905275 1503.0 487.52977969438115 2415.169898688097 1485.448082095366 
496.00058297905275 1503.0 487.52977969438115 2415.169898688097 1485.448082095366 
497.00058297905275 1503.0 487.52977969438115 2415.169898688097 1485.448082095366 
498.00058297905275 1503.0 487.52977969438115 2415.169898688097 1485.448082095366 
499.00058297905275 1503.0 467.63315775316505 2415.169898688097 1485.448082095366 
500.00058297905275 1503.0 467.63315775316505 2415.169898688097 1485.448082095366 
501.00058297905275 1503.0 467.63315775316505 2415.169898688097 1485.448082095366 
502.00058297905275 1503.0 467.63315775316505 2415.169898688097 1485.448082095366 
503.00058297905275 1503.0 447.6693906953506 2415.169898688097 1485.448082095366 
504.00058297905275 1503.0 447.6693906953506 2415.169898688097 1485.448082095366 
505.00058297905275 1503.0 447.6693906953506 2415.169898688097 1485.448082095366 
506.00058297905275 1503.0 447.6693906953506 2415.169898688097 1485.448082095366 
507.00058297905275 1503.0 427.69881505233076 2415.169898688097 1485.448082095366 
508.00058297905275 1503.0 427.69881505233076 2415.169898688097 1485.448082095366 
509.00058297905275 1503.0 427.69881505233076 2415.169898688097 1485.448082095366 
510.00058297905275 1503.0 427.69881505233076 2415.169898688097 1485.448082095366 
511.00058297905275 1503.0 407.72824369377787 2415.169898688097 1485.448082095366 
512.0005829790528 1503.0 407.72824369377787 2415.169898688097 1485.448082095366 
513.0005829790528 1503.0 407.72824369377787 2415.169898688097 1485.448082095366 
514.0005829790528 1503.0 407.72824369377787 2415.169898688097 1485.448082095366 
515.0005829790528 1503.0 387.7576766218784 2415.169898688097 1485.448082095366 
516.0005829790528 1503.0 387.7576766218784 2415.169898688097 1485.448082095366 
517.0005829790528 1503.0 387.7576766218784 2415.169898688097 1485.448082095366 
518.0005829790528 1503.0 387.7576766218784 2415.169898688097 1485.448082095366 
519.0005829790528 1503.0 367.8610746535841 2415.169898688097 1485.448082095366 
520.0005829790528 1503.0 367.8610746535841 2415.169898688097 1485.448082095366 
521.0005829790528 1503.0 367.8610746535841 2415.169898688097 1485.448082095366 
522.0005829790528 1503.0 367.8610746535841 2415.169898688097 1485.448082095366 
523.0005829790528 1503.0 347.89051612176854 2415.169898688097 1485.448082095366 
524.0005829790528 1503.0 347.89051612176854 2415.169898688097 1485.448082095366 
525.0005829790528 1503.0 347.89051612176854 2415.169898688097 1485.448082095366 
526.0005829790528 1503.0 347.89051612176854 2415.169898688097 1485.448082095366 
527.0005829790528 1503.0 327.9199618804273 2415.169898688097 1485.448082095366 
528.0005829790528 1503.0 327.9199618804273 2415.169898688097 1485.448082095366 
529.0005829790528 1503.0 327.9199618804273 2415.169898688097 1485.448082095366 
530.0005829790528 1503.0 327.9199618804273 2415.169898688097 1485.448082095366 
531.0005829790528 1503.0 307.94941193255676 2415.169898688097 1485.448082095366 
532.0005829790528 1503.0 307.94941193255676 2415.169898688097 1485.448082095366 
533.0005829790528 1503.0 307.94941193255676 2415.169898688097 1485.448082095366 
534.0005829790528 1503.0 307.94941193255676 2415.169898688097 1485.448082095366 
535.0005829790528 1503.0 288.0528269859526 2415.169898688097 1485.448082095366 
536.0005829790528 1503.0 288.0528269859526 2415.169898688097 1485.448082095366 
537.0005829790528 1503.0 288.0528269859526 2415.169898688097 1485.448082095366 
538.0005829790528 1503.0 288.0528269859526 2415.169898688097 1485.448082095366 
539.0005829790528 1503.0 268.0822855844214 2415.169898688097 1485.448082095366 
540.0005829790528 1503.0 268.0822855844214 2415.169898688097 1485.448082095366 
541.0005829790528 1503.0 268.0822855844214 2415.169898688097 1485.448082095366 
542.0005829790528 1503.0 268.0822855844214 2415.169898688097 1485.448082095366 
543.0005829790528 1503.0 248.1117484861139 2415.169898688097 1485.448082095366 
544.0005829790528 1503.0 248.1117484861139 2415.169898688097 1485.448082095366 
545.0005829790528 1503.0 248.1117484861139 2415.169898688097 1485.448082095366 
546.0005829790528 1503.0 248.1117484861139 2415.169898688097 1485.448082095366 
547.0005829790528 1503.0 228.14121569845761 2415.169898688097 1485.448082095366 
548.0005829790528 1503.0 228.14121569845761 2415.169898688097 1485.448082095366 
549.0005829790528 1503.0 228.14121569845761 2415.169898688097 1485.448082095366 
550.0005829790528 1503.0 228.14121569845761 2415.169898688097 1485.448082095366 
551.0005829790528 1503.0 208.24464776125913 2415.169898688097 1485.448082095366 
552.0005829790528 1503.0 208.24464776125913 2415.169898688097 1485.448082095366 
553.0005829790528 1503.0 208.24464776125913 2415.169898688097 1485.448082095366 
554.0005829790528 1503.0 208.24464776125913 2415.169898688097 1485.448082095366 
555.0005829790528 1503.0 188.27412354158662 2415.169898688097 1485.448082095366 
556.0005829790528 1503.0 188.27412354158662 2415.169898688097 1485.448082095366 
557.0005829790528 1503.0 188.27412354158662 2415.169898688097 1485.448082095366 
558.0005829790528 1503.0 188.27412354158662 2415.169898688097 1485.448082095366 
559.0005829790528 1503.0 168.30360366117307 2415.169898688097 1485.448082095366 
560.0005829790528 1503.0 168.30360366117307 2415.169898688097 1485.448082095366 
561.0005829790528 1503.0 168.30360366117307 2415.169898688097 1485.448082095366 
562.0005829790528 1503.0 168.30360366117307 2415.169898688097 1485.448082095366 
563.0005829790528 1503.0 148.33308814704142 2415.169898688097 1485.448082095366 
564.0005829790528 1503.0 148.33308814704142 2415.169898688097 1485.448082095366 
565.0005829790528 1503.0 148.33308814704142 2415.169898688097 1485.448082095366 
566.0005829790528 1503.0 148.33308814704142 2415.169898688097 1485.448082095366 
567.0005829790528 1503.0 128.43653722095198 2415.169898688097 1485.448082095366 
568.0005829790528 1503.0 128.43653722095198 2415.169898688097 1485.448082095366 
569.0005829790528 1503.0 128.43653722095198 2415.169898688097 1485.448082095366 
570.0005829790528 1503.0 128.43653722095198 2415.169898688097 1485.448082095366 
571.0005829790528 1503.0 108.46603039093466 2415.169898688097 1485.448082095366 
572.0005829790528 1503.0 108.46603039093466 2415.169898688097 1485.448082095366 
573.0005829790528 1503.0 108.46603039093466 2415.169898688097 1485.448082095366 
574.0005829790528 1503.0 108.46603039093466 2415.169898688097 1485.448082095366 
575.0005829790528 1503.0 88.49552809698649 2415.169898688097 1485.448082095366 
576.0005829790528 1503.0 88.49552809698649 2415.169898688097 1485.448082095366 
577.0005829790528 1503.0 88.49552809698649 2415.169898688097 1485.448082095366 
578.0005829790528 1503.0 88.49552809698649 2415.169898688097 1485.448082095366 
579.0005829790528 1503.0 68.52503056782199 2415.169898688097 1485.448082095366 
580.0005829790528 1503.0 68.52503056782199 2415.169898688097 1485.448082095366 
581.0005829790528 1503.0 68.52503056782199 2415.169898688097 1485.448082095366 
582.0005829790528 1503.0 68.52503056782199 2415.169898688097 1485.448082095366 
583.0005829790528 1503.0 48.55453841026585 2415.169898688097 1485.448082095366 
584.0005829790528 1503.0 48.55453841026585 2415.169898688097 1485.448082095366 
585.0005829790528 1503.0 48.55453841026585 2415.169898688097 1485.448082095366 
586.0005829790528 1503.0 48.55453841026585 2415.169898688097 1485.448082095366 
587.0005829790528 1503.0 28.658010966821706 2415.169898688097 1485.448082095366 
588.0005829790528 1503.0 28.658010966821706 2415.169898688097 1485.448082095366 
589.0005829790528 1503.0 28.658010966821706 2415.169898688097 1485.448082095366 
590.0005829790528 1503.0 28.658010966821706 2415.169898688097 1485.448082095366 
591.0005829790528 1503.0 8.687547883111792 2415.169898688097 1485.448082095366 
592.0005829790528 1503.0 8.687547883111792 2415.169898688097 1485.448082095366 
593.0005829790528 1503.0 8.687547883111792 2415.169898688097 1485.448082095366 
594.0005829790528 1503.0 8.687547883111792 2415.169898688097 1485.448082095366 
595.0005829790528 1503.0 0.0 2415.169898688097 1485.448082095366 
596.0005829790528 1502.0 0.0 2415.169898688097 1485.448082095366 
597.0005829790528 1502.0 0.0 2415.169898688097 1485.448082095366 
598.0005829790528 1502.0 0.0 2415.169898688097 1485.448082095366 
599.0005829790528 1502.0 0.0 2415.169898688097 1485.448082095366 
600.0005829790528 1502.0 0.0 2415.169898688097 1485.448082095366 
601.0005829790528 1502.0 0.0 2415.169898688097 1485.448082095366 
602.0005829790528 1502.0 0.0 2415.169898688097 1485.448082095366 
603.0005829790528 1502.0 0.0 2415.169898688097 1485.448082095366 
604.0005829790528 1502.0 0.0 2415.169898688097 1485.448082095366 
605.0005829790528 1502.0 0.0 2415.169898688097 1485.448082095366 
606.0005829790528 1502.0 0.0 2415.169898688097 1485.448082095366 
607.0005829790528 1502.0 0.0 2415.169898688097 1485.448082095366 
608.0005829790528 1502.0 0.0 2415.169898688097 1485.448082095366 
609.0005829790528 1502.0 0.0 2415.169898688097 1485.448082095366 
610.0005829790528 1502.0 0.0 2415.169898688097 1485.448082095366 
611.0005829790528 1502.0 0.0 2415.169898688097 1485.448082095366 
612.0005829790528 1502.0 0.0 2415.169898688097 1485.448082095366 
613.0005829790528 1502.0 0.0 2415.169898688097 1485.448082095366 
614.0005829790528 1502.0 0.0 2415.169898688097 1485.448082095366 
615.0005829790528 1502.0 0.0 2415.169898688097 1485.448082095366 
616.0005829790528 1502.0 0.0 2415.169898688097 1485.448082095366 
617.0005829790528 1502.0 0.0 2415.169898688097 1485.448082095366 
618.0005829790528 1502.0 0.0 2415.169898688097 1485.448082095366 
619.0005829790528 1502.0 0.0 2415.169898688097 1485.448082095366 
620.0005829790528 1502.0 0.0 2415.169898688097 1485.448082095366 
621.0005829790528 1502.0 0.0 2415.169898688097 1485.448082095366 
622.0005829790528 1502.0 0.0 2415.169898688097 1485.448082095366 
623.0005829790528 1502.0 0.0 2415.169898688097 1485.448082095366 
624.0005829790528 1502.0 0.0 2415.169898688097 1485.448082095366 
625.0005829790528 1502.0 0.0 2415.169898688097 1485.448082095366 
626.0005829790528 1502.0 0.0 2415.169898688097 1485.448082095366 
627.0005829790528 1502.0 0.0 2415.169898688097 1485.448082095366 
628.0005829790528 1502.0 0.0 2415.169898688097 1485.448082095366 
629.0005829790528 1502.0 0.0 2415.169898688097 1485.448082095366 
630.0005829790528 1502.0 0.0 2415.169898688097 1485.448082095366 
631.0005829790528 1502.0 0.0 2415.169898688097 1485.448082095366 
632.0005829790528 1502.0 0.0 2415.169898688097 1485.448082095366 
633.0005829790528 1502.0 0.0 2415.169898688097 1485.448082095366 
634.0005829790528 1502.0 0.0 2415.169898688097 1485.448082095366 
635.0005829790528 1502.0 0.0 2415.169898688097 1485.448082095366 
636.0005829790528 1502.0 0.0 2415.169898688097 1485.448082095366 
637.0005829790528 1502.0 0.0 2415.169898688097 1485.448082095366 
638.0005829790528 1502.0 0.0 2415.169898688097 1485.448082095366 
639.0005829790528 1502.0 0.0 2415.169898688097 1485.448082095366 
640.0005829790528 1502.0 0.0 2415.169898688097 1485.448082095366 
641.0005829790528 1502.0 0.0 2415.169898688097 1485.448082095366 
642.0005829790528 1502.0 0.0 2415.169898688097 1485.448082095366 
643.0005829790528 1502.0 0.0 2415.169898688097 1485.448082095366 
644.0005829790528 1502.0 0.0 2415.169898688097 1485.448082095366 
645.0005829790528 1502.0 0.0 2415.169898688097 1485.448082095366 
646.0005829790528 1502.0 0.0 2415.169898688097 1485.448082095366 
647.0005829790528 1502.0 0.0 2415.169898688097 1485.448082095366 
648.0005829790528 1502.0 0.0 2415.169898688097 1485.448082095366 
649.0005829790528 1502.0 0.0 2415.169898688097 1485.448082095366 
650.0005829790528 1502.0 0.0 2415.169898688097 1485.448082095366 
651.0005829790528 1502.0 0.0 2415.169898688097 1485.448082095366 
652.0005829790528 1502.0 0.0 2415.169898688097 1485.448082095366 
653.0005829790528 1502.0 0.0 2415.169898688097 1485.448082095366 
654.0005829790528 1502.0 0.0 2415.169898688097 1485.448082095366 
655.0005829790528 1502.0 0.0 2415.169898688097 1485.448082095366 
656.0005829790528 1502.0 0.0 2415.169898688097 1485.448082095366 
657.0005829790528 1502.0 0.0 2415.169898688097 1485.448082095366 
658.0005829790528 1502.0 0.0 2415.169898688097 1485.448082095366 
659.0005829790528 1502.0 0.0 2415.169898688097 1485.448082095366 
660.0005829790528 1502.0 0.0 2415.169898688097 1485.448082095366 
661.0005829790528 1502.0 0.0 2415.169898688097 1485.448082095366 
662.0005829790528 1502.0 0.0 2415.169898688097 1485.448082095366 
663.0005829790528 1502.0 0.0 2415.169898688097 1485.448082095366 
664.0005829790528 1502.0 0.0 2415.169898688097 1485.448082095366 
665.0005829790528 1502.0 0.0 2415.169898688097 1485.448082095366 
666.0005829790528 1502.0 0.0 2415.169898688097 1485.448082095366 
667.0005829790528 1502.0 0.0 2415.169898688097 1485.448082095366 
668.0005829790528 1502.0 0.0 2415.169898688097 1485.448082095366 
669.0005829790528 1502.0 0.0 2415.169898688097 1485.448082095366 
670.0005829790528 1502.0 0.0 2415.169898688097 1485.448082095366 
671.0005829790528 1502.0 0.0 2415.169898688097 1485.448082095366 
672.0005829790528 1502.0 0.0 2415.169898688097 1485.448082095366 
673.0005829790528 1502.0 0.0 2415.169898688097 1485.448082095366 
674.0005829790528 1502.0 0.0 2415.169898688097 1485.448082095366 
675.0005829790528 1502.0 0.0 2415.169898688097 1485.448082095366 
676.0005829790528 1502.0 0.0 2415.169898688097 1485.448082095366 
677.0005829790528 1502.0 0.0 2415.169898688097 1485.448082095366 
678.0005829790528 1502.0 0.0 2415.169898688097 1485.448082095366 
679.0005829790528 1502.0 0.0 2415.169898688097 1485.448082095366 
680.0005829790528 1502.0 0.0 2415.169898688097 1485.448082095366 
681.0005829790528 1502.0 0.0 2415.169898688097 1485.448082095366 
682.0005829790528 1502.0 0.0 2415.169898688097 1485.448082095366 
683.0005829790528 1502.0 0.0 2415.169898688097 1485.448082095366 
684.0005829790528 1502.0 0.0 2415.169898688097 1485.448082095366 
685.0005829790528 1502.0 0.0 2415.169898688097 1485.448082095366 
686.0005829790528 1502.0 0.0 2415.169898688097 1485.448082095366 
687.0005829790528 1502.0 0.0 2415.169898688097 1485.448082095366 
688.0005829790528 1502.0 0.0 2415.169898688097 1485.448082095366 
689.0005829790528 1502.0 0.0 2415.169898688097 1485.448082095366 
690.0005829790528 1502.0 0.0 2415.169898688097 1485.448082095366 
691.0005829790528 1502.0 0.0 2415.169898688097 1485.448082095366 
692.0005829790528 1502.0 0.0 2415.169898688097 1485.448082095366 
693.0005829790528 1502.0 0.0 2415.169898688097 1485.448082095366 
694.0005829790528 1502.0 0.0 2415.169898688097 1485.448082095366 
695.0005829790528 1502.0 0.0 2415.169898688097 1485.448082095366 
696.0005829790528 1502.0 0.0 2415.169898688097 1485.448082095366 
697.0005829790528 1502.0 0.0 2415.169898688097 1485.448082095366 
698.0005829790528 1502.0 0.0 2415.169898688097 1485.448082095366 
699.0005829790528 1502.0 0.0 2415.169898688097 1485.448082095366 
700.0005829790528 1502.0 0.0 2415.169898688097 1485.448082095366 
701.0005829790528 1502.0 0.0 2415.169898688097 1485.448082095366 
702.0005829790528 1502.0 0.0 2415.169898688097 1485.448082095366 
703.0005829790528 1502.0 0.0 2415.169898688097 1485.448082095366 
704.0005829790528 1502.0 0.0 2415.169898688097 1485.448082095366 
705.0005829790528 1502.0 0.0 2415.169898688097 1485.448082095366 
706.0005829790528 1502.0 0.0 2415.169898688097 1485.448082095366 
707.0005829790528 1502.0 0.0 2415.169898688097 1485.448082095366 
708.0005829790528 1502.0 0.0 2415.169898688097 1485.448082095366 
709.0005829790528 1502.0 0.0 2415.169898688097 1485.448082095366 
710.0005829790528 1502.0 0.0 2415.169898688097 1485.448082095366 
711.0005829790528 1502.0 0.0 2415.169898688097 1485.448082095366 
712.0005829790528 1502.0 0.0 2415.169898688097 1485.448082095366 
713.0005829790528 1502.0 0.0 2415.169898688097 1485.448082095366 
714.0005829790528 1502.0 0.0 2415.169898688097 1485.448082095366 
715.0005829790528 1502.0 0.0 2415.169898688097 1485.448082095366 
716.0005829790528 1502.0 0.0 2415.169898688097 1485.448082095366 
717.0005829790528 1502.0 0.0 2415.169898688097 1485.448082095366 
718.0005829790528 1502.0 0.0 2415.169898688097 1485.448082095366 
719.0005829790528 1502.0 0.0 2415.169898688097 1485.448082095366 
720.0005829790528 1502.0 0.0 2415.169898688097 1485.448082095366 
721.0005829790528 1502.0 0.0 2415.169898688097 1485.448082095366 
722.0005829790528 1502.0 0.0 2415.169898688097 1485.448082095366 
723.0005829790528 1502.0 0.0 2415.169898688097 1485.448082095366 
724.0005829790528 1502.0 0.0 2415.169898688097 1485.448082095366 
725.0005829790528 1502.0 0.0 2415.169898688097 1485.448082095366 
726.0005829790528 1502.0 0.0 2415.169898688097 1485.448082095366 
727.0005829790528 1502.0 0.0 2415.169898688097 1485.448082095366 
728.0005829790528 1502.0 0.0 2415.169898688097 1485.448082095366 
729.0005829790528 1502.0 0.0 2415.169898688097 1485.448082095366 
730.0005829790528 1502.0 0.0 2415.169898688097 1485.448082095366 
731.0005829790528 1502.0 0.0 2415.169898688097 1485.448082095366 
732.0005829790528 1502.0 0.0 2415.169898688097 1485.448082095366 
733.0005829790528 1502.0 0.0 2415.169898688097 1485.448082095366 
734.0005829790528 1502.0 0.0 2415.169898688097 1485.448082095366 
735.0005829790528 1502.0 0.0 2415.169898688097 1485.448082095366 
736.0005829790528 1502.0 0.0 2415.169898688097 1485.448082095366 
737.0005829790528 1502.0 0.0 2415.169898688097 1485.448082095366 
738.0005829790528 1502.0 0.0 2415.169898688097 1485.448082095366 
739.0005829790528 1502.0 0.0 2415.169898688097 1485.448082095366 
740.0005829790528 1502.0 0.0 2415.169898688097 1485.448082095366 
741.0005829790528 1502.0 0.0 2415.169898688097 1485.448082095366 
742.0005829790528 1502.0 0.0 2415.169898688097 1485.448082095366 
743.0005829790528 1502.0 0.0 2415.169898688097 1485.448082095366 
744.0005829790528 1502.0 0.0 2415.169898688097 1485.448082095366 
745.0005829790528 1502.0 0.0 2415.169898688097 1485.448082095366 
746.0005829790528 1502.0 0.0 2415.169898688097 1485.448082095366 
747.0005829790528 1502.0 0.0 2415.169898688097 1485.448082095366 
748.0005829790528 1502.0 0.0 2415.169898688097 1485.448082095366 
749.0005829790528 1502.0 0.0 2415.169898688097 1485.448082095366 
750.0005829790528 1502.0 0.0 2415.169898688097 1485.448082095366 
751.0005829790528 1502.0 0.0 2415.169898688097 1485.448082095366 
752.0005829790528 1502.0 0.0 2415.169898688097 1485.448082095366 
753.0005829790528 1502.0 0.0 2415.169898688097 1485.448082095366 
754.0005829790528 1502.0 0.0 2415.169898688097 1485.448082095366 
755.0005829790528 1502.0 0.0 2415.169898688097 1485.448082095366 
756.0005829790528 1502.0 0.0 2415.169898688097 1485.448082095366 
757.0005829790528 1502.0 0.0 2415.169898688097 1485.448082095366 
758.0005829790528 1502.0 0.0 2415.169898688097 1485.448082095366 
759.0005829790528 1502.0 0.0 2415.169898688097 1485.448082095366 
760.0005829790528 1502.0 0.0 2415.169898688097 1485.448082095366 
761.0005829790528 1502.0 0.0 2415.169898688097 1485.448082095366 
762.0005829790528 1502.0 0.0 2415.169898688097 1485.448082095366 
763.0005829790528 1502.0 0.0 2415.169898688097 1485.448082095366 
764.0005829790528 1502.0 0.0 2415.169898688097 1485.448082095366 
765.0005829790528 1502.0 0.0 2415.169898688097 1485.448082095366 
766.0005829790528 1502.0 0.0 2415.169898688097 1485.448082095366 
767.0005829790528 1502.0 0.0 2415.169898688097 1485.448082095366 
768.0005829790528 1502.0 0.0 2415.169898688097 1485.448082095366 
769.0005829790528 1502.0 0.0 2415.169898688097 1485.448082095366 
770.0005829790528 1502.0 0.0 2415.169898688097 1485.448082095366 
771.0005829790528 1502.0 0.0 2415.169898688097 1485.448082095366 
772.0005829790528 1502.0 0.0 2415.169898688097 1485.448082095366 
773.0005829790528 1502.0 0.0 2415.169898688097 1485.448082095366 
774.0005829790528 1502.0 0.0 2415.169898688097 1485.448082095366 
775.0005829790528 1502.0 0.0 2415.169898688097 1485.448082095366 
776.0005829790528 1502.0 0.0 2415.169898688097 1485.448082095366 
777.0005829790528 1502.0 0.0 2415.169898688097 1485.448082095366 
778.0005829790528 1502.0 0.0 2415.169898688097 1485.448082095366 
779.0005829790528 1502.0 0.0 2415.169898688097 1485.448082095366 
780.0005829790528 1502.0 0.0 2415.169898688097 1485.448082095366 
781.0005829790528 1502.0 0.0 2415.169898688097 1485.448082095366 
782.0005829790528 1502.0 0.0 2415.169898688097 1485.448082095366 
783.0005829790528 1502.0 0.0 2415.169898688097 1485.448082095366 
784.0005829790528 1502.0 0.0 2415.169898688097 1485.448082095366 
785.0005829790528 1502.0 0.0 2415.169898688097 1485.448082095366 
786.0005829790528 1502.0 0.0 2415.169898688097 1485.448082095366 
787.0005829790528 1502.0 0.0 2415.169898688097 1485.448082095366 
788.0005829790528 1502.0 0.0 2415.169898688097 1485.448082095366 
789.0005829790528 1502.0 0.0 2415.169898688097 1485.448082095366 
790.0005829790528 1502.0 0.0 2415.169898688097 1485.448082095366 
791.0005829790528 1502.0 0.0 2415.169898688097 1485.448082095366 
792.0005829790528 1502.0 0.0 2415.169898688097 1485.448082095366 
793.0005829790528 1502.0 0.0 2415.169898688097 1485.448082095366 
794.0005829790528 1502.0 0.0 2415.169898688097 1485.448082095366 
795.0005829790528 1502.0 0.0 2415.169898688097 1485.448082095366 
796.0005829790528 1502.0 0.0 2415.169898688097 1485.448082095366 
797.0005829790528 1502.0 0.0 2415.169898688097 1485.448082095366 
798.0005829790528 1502.0 0.0 2415.169898688097 1485.448082095366 
799.0005829790528 1502.0 0.0 2415.169898688097 1485.448082095366 
800.0005829790528 1502.0 0.0 2415.169898688097 1485.448082095366 
801.0005829790528 1502.0 0.0 2415.169898688097 1485.448082095366 
802.0005829790528 1502.0 0.0 2415.169898688097 1485.448082095366 
803.0005829790528 1502.0 0.0 2415.169898688097 1485.448082095366 
804.0005829790528 1502.0 0.0 2415.169898688097 1485.448082095366 
805.0005829790528 1502.0 0.0 2415.169898688097 1485.448082095366 
806.0005829790528 1502.0 0.0 2415.169898688097 1485.448082095366 
807.0005829790528 1502.0 0.0 2415.169898688097 1485.448082095366 
808.0005829790528 1502.0 0.0 2415.169898688097 1485.448082095366 
809.0005829790528 1502.0 0.0 2415.169898688097 1485.448082095366 
810.0005829790528 1502.0 0.0 2415.169898688097 1485.448082095366 
811.0005829790528 1502.0 0.0 2415.169898688097 1485.448082095366 
812.0005829790528 1502.0 0.0 2415.169898688097 1485.448082095366 
813.0005829790528 1502.0 0.0 2415.169898688097 1485.448082095366 
814.0005829790528 1502.0 0.0 2415.169898688097 1485.448082095366 
815.0005829790528 1502.0 0.0 2415.169898688097 1485.448082095366 
816.0005829790528 1502.0 0.0 2415.169898688097 1485.448082095366 
817.0005829790528 1502.0 0.0 2415.169898688097 1485.448082095366 
818.0005829790528 1502.0 0.0 2415.169898688097 1485.448082095366 
819.0005829790528 1502.0 0.0 2415.169898688097 1485.448082095366 
820.0005829790528 1502.0 0.0 2415.169898688097 1485.448082095366 
821.0005829790528 1502.0 0.0 2415.169898688097 1485.448082095366 
822.0005829790528 1502.0 0.0 2415.169898688097 1485.448082095366 
823.0005829790528 1502.0 0.0 2415.169898688097 1485.448082095366 
824.0005829790528 1502.0 0.0 2415.169898688097 1485.448082095366 
825.0005829790528 1502.0 0.0 2415.169898688097 1485.448082095366 
826.0005829790528 1502.0 0.0 2415.169898688097 1485.448082095366 
827.0005829790528 1502.0 0.0 2415.169898688097 1485.448082095366 
828.0005829790528 1502.0 0.0 2415.169898688097 1485.448082095366 
829.0005829790528 1502.0 0.0 2415.169898688097 1485.448082095366 
830.0005829790528 1502.0 0.0 2415.169898688097 1485.448082095366 
831.0005829790528 1502.0 0.0 2415.169898688097 1485.448082095366 
832.0005829790528 1502.0 0.0 2415.169898688097 1485.448082095366 
833.0005829790528 1502.0 0.0 2415.169898688097 1485.448082095366 
834.0005829790528 1502.0 0.0 2415.169898688097 1485.448082095366 
835.0005829790528 1502.0 0.0 2415.169898688097 1485.448082095366 
836.0005829790528 1502.0 0.0 2415.169898688097 1485.448082095366 
837.0005829790528 1502.0 0.0 2415.169898688097 1485.448082095366 
838.0005829790528 1502.0 0.0 2415.169898688097 1485.448082095366 
839.0005829790528 1502.0 0.0 2415.169898688097 1485.448082095366 
840.0005829790528 1502.0 0.0 2415.169898688097 1485.448082095366 
841.0005829790528 1502.0 0.0 2415.169898688097 1485.448082095366 
842.0005829790528 1502.0 0.0 2415.169898688097 1485.448082095366 
843.0005829790528 1502.0 0.0 2415.169898688097 1485.448082095366 
844.0005829790528 1502.0 0.0 2415.169898688097 1485.448082095366 
845.0005829790528 1502.0 0.0 2415.169898688097 1485.448082095366 
846.0005829790528 1502.0 0.0 2415.169898688097 1485.448082095366 
847.0005829790528 1502.0 0.0 2415.169898688097 1485.448082095366 
848.0005829790528 1502.0 0.0 2415.169898688097 1485.448082095366 
849.0005829790528 1502.0 0.0 2415.169898688097 1485.448082095366 
850.0005829790528 1502.0 0.0 2415.169898688097 1485.448082095366 
851.0005829790528 1502.0 0.0 2415.169898688097 1485.448082095366 
852.0005829790528 1502.0 0.0 2415.169898688097 1485.448082095366 
853.0005829790528 1502.0 0.0 2415.169898688097 1485.448082095366 
854.0005829790528 1502.0 0.0 2415.169898688097 1485.448082095366 
855.0005829790528 1502.0 0.0 2415.169898688097 1485.448082095366 
856.0005829790528 1502.0 0.0 2415.169898688097 1485.448082095366 
857.0005829790528 1502.0 0.0 2415.169898688097 1485.448082095366 
858.0005829790528 1502.0 0.0 2415.169898688097 1485.448082095366 
859.0005829790528 1502.0 0.0 2415.169898688097 1485.448082095366 
860.0005829790528 1502.0 0.0 2415.169898688097 1485.448082095366 
861.0005829790528 1502.0 0.0 2415.169898688097 1485.448082095366 
862.0005829790528 1502.0 0.0 2415.169898688097 1485.448082095366 
863.0005829790528 1502.0 0.0 2415.169898688097 1485.448082095366 
864.0005829790528 1502.0 0.0 2415.169898688097 1485.448082095366 
865.0005829790528 1502.0 0.0 2415.169898688097 1485.448082095366 
866.0005829790528 1502.0 0.0 2415.169898688097 1485.448082095366 
867.0005829790528 1502.0 0.0 2415.169898688097 1485.448082095366 
868.0005829790528 1502.0 0.0 2415.169898688097 1485.448082095366 
869.0005829790528 1502.0 0.0 2415.169898688097 1485.448082095366 
870.0005829790528 1502.0 0.0 2415.169898688097 1485.448082095366 
871.0005829790528 1502.0 0.0 2415.169898688097 1485.448082095366 
872.0005829790528 1502.0 0.0 2415.169898688097 1485.448082095366 
873.0005829790528 1502.0 0.0 2415.169898688097 1485.448082095366 
874.0005829790528 1502.0 0.0 2415.169898688097 1485.448082095366 
875.0005829790528 1502.0 0.0 2415.169898688097 1485.448082095366 
876.0005829790528 1502.0 0.0 2415.169898688097 1485.448082095366 
877.0005829790528 1502.0 0.0 2415.169898688097 1485.448082095366 
878.0005829790528 1502.0 0.0 2415.169898688097 1485.448082095366 
879.0005829790528 1502.0 0.0 2415.169898688097 1485.448082095366 
880.0005829790528 1502.0 0.0 2415.169898688097 1485.448082095366 
881.0005829790528 1502.0 0.0 2415.169898688097 1485.448082095366 
882.0005829790528 1502.0 0.0 2415.169898688097 1485.448082095366 
883.0005829790528 1502.0 0.0 2415.169898688097 1485.448082095366 
884.0005829790528 1502.0 0.0 2415.169898688097 1485.448082095366 
885.0005829790528 1502.0 0.0 2415.169898688097 1485.448082095366 
886.0005829790528 1502.0 0.0 2415.169898688097 1485.448082095366 
887.0005829790528 1502.0 0.0 2415.169898688097 1485.448082095366 
888.0005829790528 1502.0 0.0 2415.169898688097 1485.448082095366 
889.0005829790528 1502.0 0.0 2415.169898688097 1485.448082095366 
890.0005829790528 1502.0 0.0 2415.169898688097 1485.448082095366 
891.0005829790528 1502.0 0.0 2415.169898688097 1485.448082095366 
892.0005829790528 1502.0 0.0 2415.169898688097 1485.448082095366 
893.0005829790528 1502.0 0.0 2415.169898688097 1485.448082095366 
894.0005829790528 1502.0 0.0 2415.169898688097 1485.448082095366 
895.0005829790528 1502.0 0.0 2415.169898688097 1485.448082095366 
896.0005829790528 1502.0 0.0 2415.169898688097 1485.448082095366 
897.0005829790528 1502.0 0.0 2415.169898688097 1485.448082095366 
898.0005829790528 1502.0 0.0 2415.169898688097 1485.448082095366 
899.0005829790528 1502.0 0.0 2415.169898688097 1485.448082095366 
900.0005829790528 1502.0 0.0 2415.169898688097 1485.448082095366 
901.0005829790528 1502.0 0.0 2415.169898688097 1485.448082095366 
902.0005829790528 1502.0 0.0 2415.169898688097 1485.448082095366 
903.0005829790528 1502.0 0.0 2415.169898688097 1485.448082095366 
904.0005829790528 1502.0 0.0 2415.169898688097 1485.448082095366 
905.0005829790528 1502.0 0.0 2415.169898688097 1485.448082095366 
906.0005829790528 1502.0 0.0 2415.169898688097 1485.448082095366 
907.0005829790528 1502.0 0.0 2415.169898688097 1485.448082095366 
908.0005829790528 1502.0 0.0 2415.169898688097 1485.448082095366 
909.0005829790528 1502.0 0.0 2415.169898688097 1485.448082095366 
910.0005829790528 1502.0 0.0 2415.169898688097 1485.448082095366 
911.0005829790528 1502.0 0.0 2415.169898688097 1485.448082095366 
912.0005829790528 1502.0 0.0 2415.169898688097 1485.448082095366 
913.0005829790528 1502.0 0.0 2415.169898688097 1485.448082095366 
914.0005829790528 1502.0 0.0 2415.169898688097 1485.448082095366 
915.0005829790528 1502.0 0.0 2415.169898688097 1485.448082095366 
916.0005829790528 1502.0 0.0 2415.169898688097 1485.448082095366 
917.0005829790528 1502.0 0.0 2415.169898688097 1485.448082095366 
918.0005829790528 1502.0 0.0 2415.169898688097 1485.448082095366 
919.0005829790528 1502.0 0.0 2415.169898688097 1485.448082095366 
920.0005829790528 1502.0 0.0 2415.169898688097 1485.448082095366 
921.0005829790528 1502.0 0.0 2415.169898688097 1485.448082095366 
922.0005829790528 1502.0 0.0 2415.169898688097 1485.448082095366 
923.0005829790528 1502.0 0.0 2415.169898688097 1485.448082095366 
924.0005829790528 1502.0 0.0 2415.169898688097 1485.448082095366 
925.0005829790528 1502.0 0.0 2415.169898688097 1485.448082095366 
926.0005829790528 1502.0 0.0 2415.169898688097 1485.448082095366 
927.0005829790528 1502.0 0.0 2415.169898688097 1485.448082095366 
928.0005829790528 1502.0 0.0 2415.169898688097 1485.448082095366 
929.0005829790528 1502.0 0.0 2415.169898688097 1485.448082095366 
930.0005829790528 1502.0 0.0 2415.169898688097 1485.448082095366 
931.0005829790528 1502.0 0.0 2415.169898688097 1485.448082095366 
932.0005829790528 1502.0 0.0 2415.169898688097 1485.448082095366 
933.0005829790528 1502.0 0.0 2415.169898688097 1485.448082095366 
934.0005829790528 1502.0 0.0 2415.169898688097 1485.448082095366 
935.0005829790528 1502.0 0.0 2415.169898688097 1485.448082095366 
936.0005829790528 1502.0 0.0 2415.169898688097 1485.448082095366 
937.0005829790528 1502.0 0.0 2415.169898688097 1485.448082095366 
938.0005829790528 1502.0 0.0 2415.169898688097 1485.448082095366 
939.0005829790528 1502.0 0.0 2415.169898688097 1485.448082095366 
940.0005829790528 1502.0 0.0 2415.169898688097 1485.448082095366 
941.0005829790528 1502.0 0.0 2415.169898688097 1485.448082095366 
942.0005829790528 1502.0 0.0 2415.169898688097 1485.448082095366 
943.0005829790528 1502.0 0.0 2415.169898688097 1485.448082095366 
944.0005829790528 1502.0 0.0 2415.169898688097 1485.448082095366 
945.0005829790528 1502.0 0.0 2415.169898688097 1485.448082095366 
946.0005829790528 1502.0 0.0 2415.169898688097 1485.448082095366 
947.0005829790528 1502.0 0.0 2415.169898688097 1485.448082095366 
948.0005829790528 1502.0 0.0 2415.169898688097 1485.448082095366 
949.0005829790528 1502.0 0.0 2415.169898688097 1485.448082095366 
950.0005829790528 1502.0 0.0 2415.169898688097 1485.448082095366 
951.0005829790528 1502.0 0.0 2415.169898688097 1485.448082095366 
952.0005829790528 1502.0 0.0 2415.169898688097 1485.448082095366 
953.0005829790528 1502.0 0.0 2415.169898688097 1485.448082095366 
954.0005829790528 1502.0 0.0 2415.169898688097 1485.448082095366 
955.0005829790528 1502.0 0.0 2415.169898688097 1485.448082095366 
956.0005829790528 1502.0 0.0 2415.169898688097 1485.448082095366 
957.0005829790528 1502.0 0.0 2415.169898688097 1485.448082095366 
958.0005829790528 1502.0 0.0 2415.169898688097 1485.448082095366 
959.0005829790528 1502.0 0.0 2415.169898688097 1485.448082095366 
960.0005829790528 1502.0 0.0 2415.169898688097 1485.448082095366 
961.0005829790528 1502.0 0.0 2415.169898688097 1485.448082095366 
962.0005829790528 1502.0 0.0 2415.169898688097 1485.448082095366 
963.0005829790528 1502.0 0.0 2415.169898688097 1485.448082095366 
964.0005829790528 1502.0 0.0 2415.169898688097 1485.448082095366 
965.0005829790528 1502.0 0.0 2415.169898688097 1485.448082095366 
966.0005829790528 1502.0 0.0 2415.169898688097 1485.448082095366 
967.0005829790528 1502.0 0.0 2415.169898688097 1485.448082095366 
968.0005829790528 1502.0 0.0 2415.169898688097 1485.448082095366 
969.0005829790528 1502.0 0.0 2415.169898688097 1485.448082095366 
970.0005829790528 1502.0 0.0 2415.169898688097 1485.448082095366 
971.0005829790528 1502.0 0.0 2415.169898688097 1485.448082095366 
972.0005829790528 1502.0 0.0 2415.169898688097 1485.448082095366 
973.0005829790528 1502.0 0.0 2415.169898688097 1485.448082095366 
974.0005829790528 1502.0 0.0 2415.169898688097 1485.448082095366 
975.0005829790528 1502.0 0.0 2415.169898688097 1485.448082095366 
976.0005829790528 1502.0 0.0 2415.169898688097 1485.448082095366 
977.0005829790528 1502.0 0.0 2415.169898688097 1485.448082095366 
978.0005829790528 1502.0 0.0 2415.169898688097 1485.448082095366 
979.0005829790528 1502.0 0.0 2415.169898688097 1485.448082095366 
980.0005829790528 1502.0 0.0 2415.169898688097 1485.448082095366 
981.0005829790528 1502.0 0.0 2415.169898688097 1485.448082095366 
982.0005829790528 1502.0 0.0 2415.169898688097 1485.448082095366 
983.0005829790528 1502.0 0.0 2415.169898688097 1485.448082095366 
984.0005829790528 1502.0 0.0 2415.169898688097 1485.448082095366 
985.0005829790528 1502.0 0.0 2415.169898688097 1485.448082095366 
986.0005829790528 1502.0 0.0 2415.169898688097 1485.448082095366 
987.0005829790528 1502.0 0.0 2415.169898688097 1485.448082095366 
988.0005829790528 1502.0 0.0 2415.169898688097 1485.448082095366 
989.0005829790528 1502.0 0.0 2415.169898688097 1485.448082095366 
990.0005829790528 1502.0 0.0 2415.169898688097 1485.448082095366 
991.0005829790528 1502.0 0.0 2415.169898688097 1485.448082095366 
992.0005829790528 1502.0 0.0 2415.169898688097 1485.448082095366 
993.0005829790528 1502.0 0.0 2415.169898688097 1485.448082095366 
994.0005829790528 1502.0 0.0 2415.169898688097 1485.448082095366 
995.0005829790528 1502.0 0.0 2415.169898688097 1485.448082095366 
996.0005829790528 1502.0 0.0 2415.169898688097 1485.448082095366 
997.0005829790528 1502.0 0.0 2415.169898688097 1485.448082095366 
998.0005829790528 1502.0 0.0 2415.169898688097 1485.448082095366 
999.0005829790528 1502.0 0.0 2415.169898688097 1485.448082095366 
1000.0005829790528 1502.0 0.0 2415.169898688097 1485.448082095366 
#####################################################################
# End of data export. Simulation finished at: 2021-05-05T14:16+0000 #
#####################################################################
