#####################################################################
# Alchemist log file - simulation started at: 2021-05-05T12:10+0000 #
#####################################################################
# random = 1.0, gridStep = 0.0055
#
# The columns have the following meaning: 
# time nodes[Max] S1Distance[Max] S2Distance[Max] S3Distance[Max] 
0.0 0.0 0.0 0.0 0.0 
1.0010671784380274 1660.0 2659.693607103461 2415.169898688097 1485.448082095366 
2.0010671784380274 1660.0 2659.693607103461 2415.169898688097 1485.448082095366 
3.0010671784380274 1660.0 2659.693607103461 2415.169898688097 1485.448082095366 
4.000326953061661 1660.0 2659.693607103461 2415.169898688097 1485.448082095366 
5.001067178438028 1660.0 2659.693607103461 2415.169898688097 1485.448082095366 
6.001067178438028 1660.0 2659.693607103461 2415.169898688097 1485.448082095366 
7.001067178438028 1660.0 2659.693607103461 2415.169898688097 1485.448082095366 
8.000113751303996 1660.0 2659.693607103461 2415.169898688097 1485.448082095366 
9.001067178438028 1660.0 2659.693607103461 2415.169898688097 1485.448082095366 
10.000417374280275 1660.0 2659.693607103461 2415.169898688097 1485.448082095366 
11.001067178438028 1661.0 2659.693607103461 2415.169898688097 1485.448082095366 
12.001067178438028 1661.0 2659.693607103461 2415.169898688097 1485.448082095366 
13.001067178438028 1661.0 2659.693607103461 2415.169898688097 1485.448082095366 
14.000326953061661 1661.0 2659.693607103461 2415.169898688097 1485.448082095366 
15.001067178438028 1661.0 2659.693607103461 2415.169898688097 1485.448082095366 
16.001067178438028 1661.0 2640.7465748936097 2415.169898688097 1485.448082095366 
17.001067178438028 1661.0 2640.7465748936097 2415.169898688097 1485.448082095366 
18.000113751303996 1661.0 2640.7465748936097 2415.169898688097 1485.448082095366 
19.001067178438028 1661.0 2640.7465748936097 2415.169898688097 1485.448082095366 
20.000417374280275 1661.0 2621.814865596983 2415.169898688097 1485.448082095366 
21.001067178438028 1661.0 2621.814865596983 2415.169898688097 1485.448082095366 
22.001067178438028 1661.0 2621.814865596983 2415.169898688097 1485.448082095366 
23.001067178438028 1661.0 2621.814865596983 2415.169898688097 1485.448082095366 
24.00032695306166 1661.0 2603.04453801273 2415.169898688097 1485.448082095366 
25.001067178438028 1661.0 2603.04453801273 2415.169898688097 1485.448082095366 
26.001067178438028 1661.0 2603.04453801273 2415.169898688097 1485.448082095366 
27.001067178438028 1661.0 2603.04453801273 2415.169898688097 1485.448082095366 
28.000113751303996 1661.0 2584.1445520778216 2415.169898688097 1485.448082095366 
29.001067178438028 1661.0 2584.1445520778216 2415.169898688097 1485.448082095366 
30.000417374280275 1661.0 2584.1445520778216 2415.169898688097 1485.448082095366 
31.001067178438028 1661.0 2584.1445520778216 2415.169898688097 1485.448082095366 
32.00106717843803 1661.0 2565.3338486202633 2415.169898688097 1485.448082095366 
33.00106717843803 1661.0 2565.3338486202633 2415.169898688097 1485.448082095366 
34.00032695306166 1661.0 2565.3338486202633 2415.169898688097 1485.448082095366 
35.00106717843803 1661.0 2565.3338486202633 2415.169898688097 1485.448082095366 
36.00106717843803 1661.0 2546.5399283387915 2415.169898688097 1485.448082095366 
37.00106717843803 1661.0 2546.5399283387915 2415.169898688097 1485.448082095366 
38.000113751304 1661.0 2546.5399283387915 2415.169898688097 1485.448082095366 
39.00106717843803 1661.0 2546.5399283387915 2415.169898688097 1485.448082095366 
40.000417374280275 1661.0 2527.7631649688865 2415.169898688097 1485.448082095366 
41.00106717843803 1662.0 2527.7631649688865 2415.169898688097 1485.448082095366 
42.00106717843803 1662.0 2527.7631649688865 2415.169898688097 1485.448082095366 
43.00106717843803 1662.0 2527.7631649688865 2415.169898688097 1485.448082095366 
44.00032695306166 1662.0 2509.00394308773 2398.984492715986 1485.448082095366 
45.00106717843803 1662.0 2509.00394308773 2398.984492715986 1485.448082095366 
46.00106717843803 1662.0 2509.00394308773 2398.984492715986 1485.448082095366 
47.00106717843803 1662.0 2509.00394308773 2398.984492715986 1485.448082095366 
48.000113751304 1662.0 2490.2626584942122 2379.560581499305 1485.448082095366 
49.00106717843803 1662.0 2490.2626584942122 2379.560581499305 1485.448082095366 
50.000417374280275 1662.0 2490.2626584942122 2379.560581499305 1485.448082095366 
51.00106717843803 1662.0 2490.2626584942122 2379.560581499305 1485.448082095366 
52.00106717843803 1662.0 2471.6128156403856 2360.2054919382954 1485.448082095366 
53.00106717843803 1662.0 2471.6128156403856 2360.2054919382954 1485.448082095366 
54.00032695306166 1662.0 2471.6128156403856 2360.2054919382954 1485.448082095366 
55.00106717843803 1662.0 2471.6128156403856 2360.2054919382954 1485.448082095366 
56.00106717843803 1662.0 2452.908673327555 2340.8593773118973 1485.448082095366 
57.00106717843803 1662.0 2452.908673327555 2340.8593773118973 1485.448082095366 
58.000113751304 1662.0 2452.908673327555 2340.8593773118973 1485.448082095366 
59.00106717843803 1662.0 2452.908673327555 2340.8593773118973 1485.448082095366 
60.000417374280275 1662.0 2434.2968908856556 2321.4620626904834 1485.448082095366 
61.00106717843803 1662.0 2434.2968908856556 2321.4620626904834 1485.448082095366 
62.00106717843803 1662.0 2434.2968908856556 2321.4620626904834 1485.448082095366 
63.00106717843803 1662.0 2434.2968908856556 2321.4620626904834 1485.448082095366 
64.00032695306166 1662.0 2414.5970832528387 2302.1344897669605 1485.448082095366 
65.00106717843803 1662.0 2414.5970832528387 2302.1344897669605 1485.448082095366 
66.00106717843803 1662.0 2414.5970832528387 2302.1344897669605 1485.448082095366 
67.00106717843803 1662.0 2414.5970832528387 2302.1344897669605 1485.448082095366 
68.000113751304 1662.0 2394.9743479703443 2282.816584480093 1485.448082095366 
69.00106717843803 1662.0 2394.9743479703443 2282.816584480093 1485.448082095366 
70.00041737428027 1662.0 2394.9743479703443 2282.816584480093 1485.448082095366 
71.00106717843803 1662.0 2394.9743479703443 2282.816584480093 1485.448082095366 
72.00106717843803 1662.0 2375.282409283804 2263.508593760799 1485.448082095366 
73.00106717843803 1662.0 2375.282409283804 2263.508593760799 1485.448082095366 
74.00032695306166 1662.0 2375.282409283804 2263.508593760799 1485.448082095366 
75.00106717843803 1662.0 2375.282409283804 2263.508593760799 1485.448082095366 
76.00106717843803 1662.0 2355.59454495177 2244.1500197404976 1485.448082095366 
77.00106717843803 1662.0 2355.59454495177 2244.1500197404976 1485.448082095366 
78.000113751304 1662.0 2355.59454495177 2244.1500197404976 1485.448082095366 
79.00106717843803 1662.0 2355.59454495177 2244.1500197404976 1485.448082095366 
80.00041737428027 1662.0 2335.9108574979887 2224.862540800646 1485.448082095366 
81.00106717843803 1662.0 2335.9108574979887 2224.862540800646 1485.448082095366 
82.00106717843803 1662.0 2335.9108574979887 2224.862540800646 1485.448082095366 
83.00106717843803 1662.0 2335.9108574979887 2224.862540800646 1485.448082095366 
84.00032695306166 1662.0 2316.3047066157555 2205.4638930978404 1485.448082095366 
85.00106717843803 1662.0 2316.3047066157555 2205.4638930978404 1485.448082095366 
86.00106717843803 1662.0 2316.3047066157555 2205.4638930978404 1485.448082095366 
87.00106717843803 1662.0 2316.3047066157555 2205.4638930978404 1485.448082095366 
88.000113751304 1662.0 2296.629709875868 2186.075858361975 1485.448082095366 
89.00106717843803 1662.0 2296.629709875868 2186.075858361975 1485.448082095366 
90.00041737428027 1662.0 2296.629709875868 2186.075858361975 1485.448082095366 
91.00106717843803 1662.0 2296.629709875868 2186.075858361975 1485.448082095366 
92.00106717843803 1662.0 2276.959219078471 2166.698720858955 1485.448082095366 
93.00106717843803 1662.0 2276.959219078471 2166.698720858955 1485.448082095366 
94.00032695306166 1662.0 2276.959219078471 2166.698720858955 1485.448082095366 
95.00106717843803 1662.0 2276.959219078471 2166.698720858955 1485.448082095366 
96.00106717843803 1662.0 2257.293351506789 2147.332774951317 1485.448082095366 
97.00106717843803 1662.0 2257.293351506789 2147.332774951317 1485.448082095366 
98.000113751304 1662.0 2257.293351506789 2147.332774951317 1485.448082095366 
99.00106717843803 1662.0 2257.293351506789 2147.332774951317 1485.448082095366 
100.00041737428027 1662.0 2237.705544579403 2127.9783255446073 1485.448082095366 
101.00106717843803 1663.0 2237.705544579403 2127.9783255446073 1485.448082095366 
102.00106717843803 1663.0 2237.705544579403 2127.9783255446073 1485.448082095366 
103.00106717843803 1663.0 2237.705544579403 2127.9783255446073 1485.448082095366 
104.00032695306166 1663.0 2218.0493077385954 2108.697104282382 1485.448082095366 
105.00106717843803 1663.0 2218.0493077385954 2108.697104282382 1485.448082095366 
106.00106717843803 1663.0 2218.0493077385954 2108.697104282382 1466.2830040471854 
107.00106717843803 1663.0 2218.0493077385954 2108.697104282382 1466.2830040471854 
108.000113751304 1663.0 2198.3980713863957 2089.428223833866 1466.2830040471854 
109.00106717843803 1663.0 2198.3980713863957 2089.428223833866 1466.2830040471854 
110.00041737428027 1663.0 2198.3980713863957 2089.428223833866 1446.3083294112932 
111.00106717843803 1663.0 2198.3980713863957 2089.428223833866 1446.3083294112932 
112.00106717843803 1663.0 2178.751970296036 2070.110409110767 1446.3083294112932 
113.00106717843803 1663.0 2178.751970296036 2070.110409110767 1446.3083294112932 
114.00032695306166 1663.0 2178.751970296036 2070.110409110767 1426.3355134091566 
115.00106717843803 1663.0 2178.751970296036 2070.110409110767 1426.3355134091566 
116.00106717843803 1663.0 2159.184524390695 2050.805428721266 1426.3355134091566 
117.00106717843803 1663.0 2159.184524390695 2050.805428721266 1426.3355134091566 
118.000113751304 1663.0 2159.184524390695 2050.805428721266 1406.4107811127137 
119.00106717843803 1663.0 2159.184524390695 2050.805428721266 1406.4107811127137 
120.00041737428027 1663.0 2139.549134176518 2031.5136478731479 1406.4107811127137 
121.00106717843803 1663.0 2139.549134176518 2031.5136478731479 1406.4107811127137 
122.00106717843803 1663.0 2139.549134176518 2031.5136478731479 1386.4882162153806 
123.00106717843803 1663.0 2139.549134176518 2031.5136478731479 1386.4882162153806 
124.00032695306166 1663.0 2119.919313764106 2012.2354455242878 1386.4882162153806 
125.00106717843803 1663.0 2119.919313764106 2012.2354455242878 1386.4882162153806 
126.00106717843803 1663.0 2119.919313764106 2012.2354455242878 1366.567914294098 
127.00106717843803 1663.0 2119.919313764106 2012.2354455242878 1366.567914294098 
128.000113751304 1663.0 2100.2952187712835 1992.971215023094 1366.567914294098 
129.00106717843803 1663.0 2100.2952187712835 1992.971215023094 1366.567914294098 
130.0004173742803 1663.0 2100.2952187712835 1992.971215023094 1346.6499765699607 
131.00106717843803 1663.0 2100.2952187712835 1992.971215023094 1346.6499765699607 
132.00106717843803 1663.0 2080.750456961918 1973.7213647826327 1346.6499765699607 
133.00106717843803 1663.0 2080.750456961918 1973.7213647826327 1346.6499765699607 
134.00032695306166 1663.0 2080.750456961918 1973.7213647826327 1326.7345103279683 
135.00106717843803 1663.0 2080.750456961918 1973.7213647826327 1326.7345103279683 
136.00106717843803 1663.0 2061.138319994607 1954.4863189954322 1326.7345103279683 
137.00106717843803 1663.0 2061.138319994607 1954.4863189954322 1326.7345103279683 
138.000113751304 1663.0 2061.138319994607 1954.4863189954322 1306.821629383387 
139.00106717843803 1663.0 2061.138319994607 1954.4863189954322 1306.821629383387 
140.0004173742803 1663.0 2041.532411452115 1935.2665183844333 1306.821629383387 
141.00106717843803 1663.0 2041.532411452115 1935.2665183844333 1306.821629383387 
142.00106717843803 1663.0 2041.532411452115 1935.2665183844333 1286.864836770151 
143.00106717843803 1663.0 2041.532411452115 1935.2665183844333 1286.864836770151 
144.00032695306166 1663.0 2021.5854073427283 1916.1874006948065 1286.864836770151 
145.00106717843803 1663.0 2021.5854073427283 1916.1874006948065 1286.864836770151 
146.00106717843803 1663.0 2021.5854073427283 1916.1874006948065 1266.8710971635085 
147.00106717843803 1663.0 2021.5854073427283 1916.1874006948065 1266.8710971635085 
148.000113751304 1663.0 2001.6390255998074 1896.999715765083 1266.8710971635085 
149.00106717843803 1663.0 2001.6390255998074 1896.999715765083 1266.8710971635085 
150.0004173742803 1663.0 2001.6390255998074 1896.999715765083 1246.9667477657154 
151.00106717843803 1663.0 2001.6390255998074 1896.999715765083 1246.9667477657154 
152.00106717843803 1663.0 1981.6932846404773 1877.8287092031214 1246.9667477657154 
153.00106717843803 1663.0 1981.6932846404773 1877.8287092031214 1246.9667477657154 
154.00032695306166 1663.0 1981.6932846404773 1877.8287092031214 1227.06551595619 
155.00106717843803 1663.0 1981.6932846404773 1877.8287092031214 1227.06551595619 
156.00106717843803 1663.0 1961.7482036302451 1858.674896347838 1227.06551595619 
157.00106717843803 1663.0 1961.7482036302451 1858.674896347838 1227.06551595619 
158.000113751304 1663.0 1961.7482036302451 1858.674896347838 1207.1675568109151 
159.00106717843803 1663.0 1961.7482036302451 1858.674896347838 1207.1675568109151 
160.0004173742803 1663.0 1941.8038025207213 1839.5388135292844 1207.1675568109151 
161.00106717843803 1663.0 1941.8038025207213 1839.5388135292844 1207.1675568109151 
162.00106717843803 1663.0 1941.8038025207213 1839.5388135292844 1187.2730357761013 
163.00106717843803 1663.0 1941.8038025207213 1839.5388135292844 1187.2730357761013 
164.00032695306166 1663.0 1921.8601020907972 1820.4210191206028 1187.2730357761013 
165.00106717843803 1663.0 1921.8601020907972 1820.4210191206028 1187.2730357761013 
166.00106717843803 1663.0 1921.8601020907972 1820.4210191206028 1167.3349459031322 
167.00106717843803 1663.0 1921.8601020907972 1820.4210191206028 1167.3349459031322 
168.000113751304 1663.0 1901.9171239917657 1801.3220946537567 1167.3349459031322 
169.00106717843803 1663.0 1901.9171239917657 1801.3220946537567 1167.3349459031322 
170.0004173742803 1663.0 1901.9171239917657 1801.3220946537567 1147.3621442847211 
171.00106717843803 1663.0 1901.9171239917657 1801.3220946537567 1147.3621442847211 
172.00106717843803 1663.0 1881.9748907903988 1782.2426460009908 1147.3621442847211 
173.00106717843803 1663.0 1881.9748907903988 1782.2426460009908 1147.3621442847211 
174.00032695306166 1663.0 1881.9748907903988 1782.2426460009908 1127.479074382145 
175.00106717843803 1663.0 1881.9748907903988 1782.2426460009908 1127.479074382145 
176.00106717843803 1663.0 1862.033426019418 1763.183304626367 1127.479074382145 
177.00106717843803 1663.0 1862.033426019418 1763.183304626367 1127.479074382145 
178.000113751304 1663.0 1862.033426019418 1763.183304626367 1107.6002285472225 
179.00106717843803 1663.0 1862.033426019418 1763.183304626367 1107.6002285472225 
180.0004173742803 1663.0 1842.0927542303289 1744.2719467258642 1107.6002285472225 
181.00106717843803 1663.0 1842.0927542303289 1744.2719467258642 1107.6002285472225 
182.00106717843803 1663.0 1842.0927542303289 1744.2719467258642 1087.6406720169352 
183.00106717843803 1663.0 1842.0927542303289 1744.2719467258642 1087.6406720169352 
184.00032695306166 1663.0 1822.1529010475585 1725.3188363796646 1087.6406720169352 
185.00106717843803 1663.0 1822.1529010475585 1725.3188363796646 1087.6406720169352 
186.00106717843803 1663.0 1822.1529010475585 1725.3188363796646 1067.6756420497072 
187.00106717843803 1663.0 1822.1529010475585 1725.3188363796646 1067.6756420497072 
188.000113751304 1663.0 1802.2874411097002 1706.324291300284 1067.6756420497072 
189.00106717843803 1663.0 1802.2874411097002 1706.324291300284 1067.6756420497072 
190.0004173742803 1663.0 1802.2874411097002 1706.324291300284 1047.7259829486723 
191.00106717843803 1663.0 1802.2874411097002 1706.324291300284 1047.7259829486723 
192.00106717843803 1663.0 1782.349312887573 1687.3526697085329 1047.7259829486723 
193.00106717843803 1663.0 1782.349312887573 1687.3526697085329 1047.7259829486723 
194.00032695306166 1663.0 1782.349312887573 1687.3526697085329 1027.7819202009632 
195.00106717843803 1663.0 1782.349312887573 1687.3526697085329 1027.7819202009632 
196.00106717843803 1663.0 1762.485647893414 1668.4047527767273 1027.7819202009632 
197.00106717843803 1663.0 1762.485647893414 1668.4047527767273 1027.7819202009632 
198.000113751304 1663.0 1762.485647893414 1668.4047527767273 1007.832020979864 
199.00106717843803 1663.0 1762.485647893414 1668.4047527767273 1007.832020979864 
200.0004173742803 1663.0 1742.549362000963 1649.5366537722193 1007.832020979864 
201.00106717843803 1663.0 1742.549362000963 1649.5366537722193 1007.832020979864 
202.00106717843803 1663.0 1742.549362000963 1649.5366537722193 987.8997060647177 
203.00106717843803 1663.0 1742.549362000963 1649.5366537722193 987.8997060647177 
204.00032695306166 1663.0 1722.6876151092463 1629.8518535902056 987.8997060647177 
205.00106717843803 1663.0 1722.6876151092463 1629.8518535902056 987.8997060647177 
206.00106717843803 1663.0 1722.6876151092463 1629.8518535902056 967.8478371802693 
207.00106717843803 1663.0 1722.6876151092463 1629.8518535902056 967.8478371802693 
208.000113751304 1663.0 1702.753299951042 1610.1735443065145 967.8478371802693 
209.00106717843803 1663.0 1702.753299951042 1610.1735443065145 967.8478371802693 
210.0004173742803 1663.0 1702.753299951042 1610.1735443065145 947.7959470089133 
211.00106717843803 1663.0 1702.753299951042 1610.1735443065145 947.7959470089133 
212.00106717843803 1663.0 1682.893606013627 1590.5019660361834 947.7959470089133 
213.00106717843803 1663.0 1682.893606013627 1590.5019660361834 947.7959470089133 
214.00032695306166 1663.0 1682.893606013627 1590.5019660361834 927.7440356406004 
215.00106717843803 1663.0 1682.893606013627 1590.5019660361834 927.7440356406004 
216.00106717843803 1663.0 1662.961402354011 1570.7811960878796 927.7440356406004 
217.00106717843803 1663.0 1662.961402354011 1570.7811960878796 927.7440356406004 
218.000113751304 1663.0 1662.961402354011 1570.7811960878796 907.6438154376908 
219.00106717843803 1663.0 1662.961402354011 1570.7811960878796 907.6438154376908 
220.0004173742803 1663.0 1643.0303079701075 1551.0656229825056 907.6438154376908 
221.00106717843803 1663.0 1643.0303079701075 1551.0656229825056 907.6438154376908 
222.00106717843803 1663.0 1643.0303079701075 1551.0656229825056 887.5918594332379 
223.00106717843803 1663.0 1643.0303079701075 1551.0656229825056 887.5918594332379 
224.00032695306166 1663.0 1623.0597935271458 1531.3554464025585 887.5918594332379 
225.00106717843803 1663.0 1623.0597935271458 1531.3554464025585 887.5918594332379 
226.00106717843803 1663.0 1623.0597935271458 1531.3554464025585 867.5398824439936 
227.00106717843803 1663.0 1623.0597935271458 1531.3554464025585 867.5398824439936 
228.000113751304 1663.0 1603.0893129974916 1511.6508763913832 867.5398824439936 
229.00106717843803 1663.0 1603.0893129974916 1511.6508763913832 867.5398824439936 
230.0004173742803 1663.0 1603.0893129974916 1511.6508763913832 847.4878845914911 
231.00106717843803 1663.0 1603.0893129974916 1511.6508763913832 847.4878845914911 
232.00106717843803 1663.0 1583.1188673863983 1491.9521340235228 847.4878845914911 
233.00106717843803 1663.0 1583.1188673863983 1491.9521340235228 847.4878845914911 
234.00032695306166 1663.0 1583.1188673863983 1491.9521340235228 827.3875711769651 
235.00106717843803 1663.0 1583.1188673863983 1491.9521340235228 827.3875711769651 
236.00106717843803 1663.0 1563.1484577525832 1472.3239524830794 827.3875711769651 
237.00106717843803 1663.0 1563.1484577525832 1472.3239524830794 827.3875711769651 
238.000113751304 1663.0 1563.1484577525832 1472.3239524830794 807.3355290507964 
239.00106717843803 1663.0 1563.1484577525832 1472.3239524830794 807.3355290507964 
240.0004173742803 1663.0 1543.1780852070542 1452.6376526496688 807.3355290507964 
241.00106717843803 1663.0 1543.1780852070542 1452.6376526496688 807.3355290507964 
242.00106717843803 1663.0 1543.1780852070542 1452.6376526496688 787.2834663553793 
243.00106717843803 1663.0 1543.1780852070542 1452.6376526496688 787.2834663553793 
244.00032695306166 1663.0 1523.2077509215974 1432.9579192932665 787.2834663553793 
245.00106717843803 1663.0 1523.2077509215974 1432.9579192932665 787.2834663553793 
246.00106717843803 1663.0 1523.2077509215974 1432.9579192932665 767.2313832587369 
247.00106717843803 1663.0 1523.2077509215974 1432.9579192932665 767.2313832587369 
248.000113751304 1663.0 1503.3110491547961 1413.2850255995954 767.2313832587369 
249.00106717843803 1663.0 1503.3110491547961 1413.2850255995954 767.2313832587369 
250.0004173742803 1663.0 1503.3110491547961 1413.2850255995954 747.1309765796444 
251.00106717843803 1663.0 1503.3110491547961 1413.2850255995954 747.1309765796444 
252.00106717843803 1663.0 1483.3407938284734 1393.6192600825425 747.1309765796444 
253.00106717843803 1663.0 1483.3407938284734 1393.6192600825425 747.1309765796444 
254.00032695306166 1663.0 1483.3407938284734 1393.6192600825425 727.0788497529543 
255.00106717843803 1663.0 1483.3407938284734 1393.6192600825425 727.0788497529543 
256.001067178438 1663.0 1463.3705806261753 1373.9609276663277 727.0788497529543 
257.001067178438 1663.0 1463.3705806261753 1373.9609276663277 727.0788497529543 
258.000113751304 1663.0 1463.3705806261753 1373.9609276663277 706.9783968597981 
259.001067178438 1663.0 1463.3705806261753 1373.9609276663277 706.9783968597981 
260.0004173742803 1663.0 1443.4004109924433 1354.3753374376236 706.9783968597981 
261.001067178438 1663.0 1443.4004109924433 1354.3753374376236 706.9783968597981 
262.001067178438 1663.0 1443.4004109924433 1354.3753374376236 686.8779212796321 
263.001067178438 1663.0 1443.4004109924433 1354.3753374376236 686.8779212796321 
264.00032695306163 1663.0 1423.4302864520969 1334.732945567422 686.8779212796321 
265.001067178438 1663.0 1423.4302864520969 1334.732945567422 686.8779212796321 
266.001067178438 1663.0 1423.4302864520969 1334.732945567422 666.7291233807955 
267.001067178438 1663.0 1423.4302864520969 1334.732945567422 666.7291233807955 
268.000113751304 1663.0 1403.4602086181592 1315.0990145116596 666.7291233807955 
269.001067178438 1663.0 1403.4602086181592 1315.0990145116596 666.7291233807955 
270.0004173742803 1663.0 1403.4602086181592 1315.0990145116596 646.6769021376332 
271.001067178438 1663.0 1403.4602086181592 1315.0990145116596 646.6769021376332 
272.001067178438 1663.0 1383.5637637326472 1295.4739277344693 646.6769021376332 
273.001067178438 1663.0 1383.5637637326472 1295.4739277344693 646.6769021376332 
274.00032695306163 1663.0 1383.5637637326472 1295.4739277344693 626.5763586205123 
275.001067178438 1663.0 1383.5637637326472 1295.4739277344693 626.5763586205123 
276.001067178438 1663.0 1363.5937829506845 1275.8580921142093 626.5763586205123 
277.001067178438 1663.0 1363.5937829506845 1275.8580921142093 626.5763586205123 
278.000113751304 1663.0 1363.5937829506845 1275.8580921142093 606.5240938625939 
279.001067178438 1663.0 1363.5937829506845 1275.8580921142093 606.5240938625939 
280.0004173742803 1663.0 1343.6106958522048 1256.2519397442934 606.5240938625939 
281.001067178438 1663.0 1343.6106958522048 1256.2519397442934 606.5240938625939 
282.001067178438 1663.0 1343.6106958522048 1256.2519397442934 586.4235040230757 
283.001067178438 1663.0 1343.6106958522048 1256.2519397442934 586.4235040230757 
284.00032695306163 1663.0 1323.6276307660346 1236.7214800061292 586.4235040230757 
285.001067178438 1663.0 1323.6276307660346 1236.7214800061292 586.4235040230757 
286.001067178438 1663.0 1323.6276307660346 1236.7214800061292 566.3711960767614 
287.001067178438 1663.0 1323.6276307660346 1236.7214800061292 566.3711960767614 
288.000113751304 1663.0 1303.6445883494407 1216.9129930442864 566.3711960767614 
289.001067178438 1663.0 1303.6445883494407 1216.9129930442864 566.3711960767614 
290.0004173742803 1663.0 1303.6445883494407 1216.9129930442864 546.2705598811713 
291.001067178438 1663.0 1303.6445883494407 1216.9129930442864 546.2705598811713 
292.001067178438 1663.0 1283.661569302037 1197.0410361693434 546.2705598811713 
293.001067178438 1663.0 1283.661569302037 1197.0410361693434 546.2705598811713 
294.00032695306163 1663.0 1283.661569302037 1197.0410361693434 526.1699010353741 
295.001067178438 1663.0 1283.661569302037 1197.0410361693434 526.1699010353741 
296.001067178438 1663.0 1263.752152574357 1177.171264668044 526.1699010353741 
297.001067178438 1663.0 1263.752152574357 1177.171264668044 526.1699010353741 
298.000113751304 1663.0 1263.752152574357 1177.171264668044 506.0209187947165 
299.001067178438 1663.0 1263.752152574357 1177.171264668044 506.0209187947165 
300.0004173742803 1663.0 1243.769181484865 1157.303789898731 506.0209187947165 
301.001067178438 1663.0 1243.769181484865 1157.303789898731 506.0209187947165 
302.001067178438 1663.0 1243.769181484865 1157.303789898731 485.96851551785005 
303.001067178438 1663.0 1243.769181484865 1157.303789898731 485.96851551785005 
304.00032695306163 1663.0 1223.7994680526738 1137.4387309855797 485.96851551785005 
305.001067178438 1663.0 1223.7994680526738 1137.4387309855797 485.96851551785005 
306.001067178438 1663.0 1223.7994680526738 1137.4387309855797 465.9160933964193 
307.001067178438 1663.0 1223.7994680526738 1137.4387309855797 465.9160933964193 
308.000113751304 1663.0 1203.8626639577076 1117.5762155101165 465.9160933964193 
309.001067178438 1663.0 1203.8626639577076 1117.5762155101165 465.9160933964193 
310.0004173742803 1663.0 1203.8626639577076 1117.5762155101165 445.81534284567465 
311.001067178438 1663.0 1203.8626639577076 1117.5762155101165 445.81534284567465 
312.001067178438 1663.0 1183.9270122147666 1097.7163802672162 445.81534284567465 
313.001067178438 1663.0 1183.9270122147666 1097.7163802672162 445.81534284567465 
314.00032695306163 1663.0 1183.9270122147666 1097.7163802672162 425.7145697038251 
315.001067178438 1663.0 1183.9270122147666 1097.7163802672162 425.7145697038251 
316.001067178438 1663.0 1163.9925718121733 1077.9245199278819 425.7145697038251 
317.001067178438 1663.0 1163.9925718121733 1077.9245199278819 425.7145697038251 
318.000113751304 1663.0 1163.9925718121733 1077.9245199278819 405.6620814549874 
319.001067178438 1663.0 1163.9925718121733 1077.9245199278819 405.6620814549874 
320.0004173742803 1663.0 1144.1329449172194 1058.070436946728 405.6620814549874 
321.001067178438 1663.0 1144.1329449172194 1058.070436946728 405.6620814549874 
322.001067178438 1663.0 1144.1329449172194 1058.070436946728 385.56126172036346 
323.001067178438 1663.0 1144.1329449172194 1058.070436946728 385.56126172036346 
324.00032695306163 1663.0 1124.201110880852 1038.2195063535323 385.56126172036346 
325.001067178438 1663.0 1124.201110880852 1038.2195063535323 385.56126172036346 
326.001067178438 1663.0 1124.201110880852 1038.2195063535323 365.4121152361562 
327.001067178438 1663.0 1124.201110880852 1038.2195063535323 365.4121152361562 
328.000113751304 1663.0 1104.2706908333187 1018.3719111275909 365.4121152361562 
329.001067178438 1663.0 1104.2706908333187 1018.3719111275909 365.4121152361562 
330.0004173742803 1663.0 1104.2706908333187 1018.3719111275909 345.3595544798749 
331.001067178438 1663.0 1104.2706908333187 1018.3719111275909 345.3595544798749 
332.001067178438 1663.0 1084.3417625070886 998.5278487619827 345.3595544798749 
333.001067178438 1663.0 1084.3417625070886 998.5278487619827 345.3595544798749 
334.00032695306163 1663.0 1084.3417625070886 998.5278487619827 325.258667087893 
335.001067178438 1663.0 1084.3417625070886 998.5278487619827 325.258667087893 
336.001067178438 1663.0 1064.487905430611 978.6587010357684 325.258667087893 
337.001067178438 1663.0 1064.487905430611 978.6587010357684 325.258667087893 
338.000113751304 1663.0 1064.487905430611 978.6587010357684 305.20606509182886 
339.001067178438 1663.0 1064.487905430611 978.6587010357684 305.20606509182886 
340.0004173742803 1663.0 1044.5622054624744 958.78958045235 305.20606509182886 
341.001067178438 1663.0 1044.5622054624744 958.78958045235 305.20606509182886 
342.001067178438 1663.0 1044.5622054624744 958.78958045235 285.1051308191417 
343.001067178438 1663.0 1044.5622054624744 958.78958045235 285.1051308191417 
344.00032695306163 1663.0 1024.6382669867648 938.9204871070331 285.1051308191417 
345.001067178438 1663.0 1024.6382669867648 938.9204871070331 285.1051308191417 
346.001067178438 1663.0 1024.6382669867648 938.9204871070331 265.0041740243087 
347.001067178438 1663.0 1024.6382669867648 938.9204871070331 265.0041740243087 
348.000113751304 1663.0 1004.7161945416993 919.0514211044456 265.0041740243087 
349.001067178438 1663.0 1004.7161945416993 919.0514211044456 265.0041740243087 
350.0004173742803 1663.0 1004.7161945416993 919.0514211044456 244.85489454965003 
351.001067178438 1663.0 1004.7161945416993 919.0514211044456 244.85489454965003 
352.001067178438 1663.0 984.7961011153595 899.1823825584322 244.85489454965003 
353.001067178438 1663.0 984.7961011153595 899.1823825584322 244.85489454965003 
354.00032695306163 1663.0 984.7961011153595 899.1823825584322 224.80219326200483 
355.001067178438 1663.0 984.7961011153595 899.1823825584322 224.80219326200483 
356.001067178438 1663.0 964.8464904871312 879.3133715922761 224.80219326200483 
357.001067178438 1663.0 964.8464904871312 879.3133715922761 224.80219326200483 
358.000113751304 1663.0 964.8464904871312 879.3133715922761 204.7011695923703 
359.001067178438 1663.0 964.8464904871312 879.3133715922761 204.7011695923703 
360.0004173742803 1663.0 944.8968983326265 859.4443883414497 204.7011695923703 
361.001067178438 1663.0 944.8968983326265 859.4443883414497 204.7011695923703 
362.001067178438 1663.0 944.8968983326265 859.4443883414497 184.64842867789093 
363.001067178438 1663.0 944.8968983326265 859.4443883414497 184.64842867789093 
364.00032695306163 1663.0 925.0207661488121 839.5754329534749 184.64842867789093 
365.001067178438 1663.0 925.0207661488121 839.5754329534749 184.64842867789093 
366.001067178438 1663.0 925.0207661488121 839.5754329534749 164.54735733767228 
367.001067178438 1663.0 925.0207661488121 839.5754329534749 164.54735733767228 
368.000113751304 1663.0 905.0712117576302 819.7065055913808 164.54735733767228 
369.001067178438 1663.0 905.0712117576302 819.7065055913808 164.54735733767228 
370.0004173742803 1663.0 905.0712117576302 819.7065055913808 144.44626383943066 
371.001067178438 1663.0 905.0712117576302 819.7065055913808 144.44626383943066 
372.001067178438 1663.0 885.1951165403786 799.8376064329586 144.44626383943066 
373.001067178438 1663.0 885.1951165403786 799.8376064329586 144.44626383943066 
374.00032695306163 1663.0 885.1951165403786 799.8376064329586 124.39346153834353 
375.001067178438 1663.0 885.1951165403786 799.8376064329586 124.39346153834353 
376.001067178438 1663.0 865.30419296587 779.9687356755512 124.39346153834353 
377.001067178438 1663.0 865.30419296587 779.9687356755512 124.39346153834353 
378.000113751304 1663.0 865.30419296587 779.9687356755512 104.24401206544083 
379.001067178438 1663.0 865.30419296587 779.9687356755512 104.24401206544083 
380.0004173742803 1663.0 845.4132788285033 760.0998935356923 104.24401206544083 
381.001067178438 1663.0 845.4132788285033 760.0998935356923 104.24401206544083 
382.001067178438 1663.0 845.4132788285033 760.0998935356923 84.14285565697584 
383.001067178438 1663.0 845.4132788285033 760.0998935356923 84.14285565697584 
384.00032695306163 1663.0 825.522374148814 740.2310802544682 84.14285565697584 
385.001067178438 1663.0 825.522374148814 740.2310802544682 84.14285565697584 
386.001067178438 1663.0 825.522374148814 740.2310802544682 64.089969341905 
387.001067178438 1663.0 825.522374148814 740.2310802544682 64.089969341905 
388.000113751304 1663.0 805.6463197987607 720.3622960988812 64.089969341905 
389.001067178438 1663.0 805.6463197987607 720.3622960988812 64.089969341905 
390.0004173742803 1663.0 805.6463197987607 720.3622960988812 43.988762027885016 
391.001067178438 1663.0 805.6463197987607 720.3622960988812 43.988762027885016 
392.001067178438 1663.0 785.7554317501475 700.4935413658237 43.988762027885016 
393.001067178438 1663.0 785.7554317501475 700.4935413658237 43.988762027885016 
394.00032695306163 1663.0 785.7554317501475 700.4935413658237 23.935867548695608 
395.001067178438 1663.0 785.7554317501475 700.4935413658237 23.935867548695608 
396.001067178438 1663.0 765.8645531212298 680.5710282246602 23.935867548695608 
397.001067178438 1663.0 765.8645531212298 680.5710282246602 23.935867548695608 
398.000113751304 1663.0 765.8645531212298 680.5710282246602 3.8346683077718677 
399.001067178438 1663.0 765.8645531212298 680.5710282246602 3.8346683077718677 
400.0004173742803 1663.0 745.9002454027013 660.7023255531194 3.8346683077718677 
401.001067178438 1663.0 745.9002454027013 660.7023255531194 3.8346683077718677 
402.001067178438 1663.0 745.9002454027013 660.7023255531194 0.0 
403.001067178438 1662.0 745.9002454027013 660.7023255531194 0.0 
404.00032695306163 1662.0 725.9359469079524 640.7798634164898 0.0 
405.001067178438 1662.0 725.9359469079524 640.7798634164898 0.0 
406.001067178438 1662.0 725.9359469079524 640.7798634164898 0.0 
407.001067178438 1662.0 725.9359469079524 640.7798634164898 0.0 
408.000113751304 1662.0 705.9716576395887 620.8463514971776 0.0 
409.001067178438 1662.0 705.9716576395887 620.8463514971776 0.0 
410.0004173742803 1662.0 705.9716576395887 620.8463514971776 0.0 
411.001067178438 1662.0 705.9716576395887 620.8463514971776 0.0 
412.001067178438 1662.0 686.0073776005022 600.8590761120988 0.0 
413.001067178438 1662.0 686.0073776005022 600.8590761120988 0.0 
414.00032695306163 1662.0 686.0073776005022 600.8590761120988 0.0 
415.001067178438 1662.0 686.0073776005022 600.8590761120988 0.0 
416.001067178438 1662.0 666.1165455646149 580.8718267849432 0.0 
417.001067178438 1662.0 666.1165455646149 580.8718267849432 0.0 
418.000113751304 1662.0 666.1165455646149 580.8718267849432 0.0 
419.001067178438 1662.0 666.1165455646149 580.8718267849432 0.0 
420.0004173742803 1662.0 646.1671295540506 560.8846035221818 0.0 
421.001067178438 1662.0 646.1671295540506 560.8846035221818 0.0 
422.001067178438 1662.0 646.1671295540506 560.8846035221818 0.0 
423.001067178438 1662.0 646.1671295540506 560.8846035221818 0.0 
424.00032695306163 1662.0 626.2763136680345 540.9622691883385 0.0 
425.001067178438 1662.0 626.2763136680345 540.9622691883385 0.0 
426.001067178438 1662.0 626.2763136680345 540.9622691883385 0.0 
427.001067178438 1662.0 626.2763136680345 540.9622691883385 0.0 
428.000113751304 1662.0 606.3855072085049 521.0937497589414 0.0 
429.001067178438 1662.0 606.3855072085049 521.0937497589414 0.0 
430.0004173742803 1662.0 606.3855072085049 521.0937497589414 0.0 
431.001067178438 1662.0 606.3855072085049 521.0937497589414 0.0 
432.001067178438 1662.0 586.4947102029315 501.17146611313893 0.0 
433.001067178438 1662.0 586.4947102029315 501.17146611313893 0.0 
434.00032695306163 1662.0 586.4947102029315 501.17146611313893 0.0 
435.001067178438 1662.0 586.4947102029315 501.17146611313893 0.0 
436.001067178438 1662.0 566.6039226829075 481.24921212943667 0.0 
437.001067178438 1662.0 566.6039226829075 481.24921212943667 0.0 
438.000113751304 1662.0 566.6039226829075 481.24921212943667 0.0 
439.001067178438 1662.0 566.6039226829075 481.24921212943667 0.0 
440.0004173742803 1662.0 546.7131446843892 461.3807662241465 0.0 
441.001067178438 1662.0 546.7131446843892 461.3807662241465 0.0 
442.001067178438 1662.0 546.7131446843892 461.3807662241465 0.0 
443.001067178438 1662.0 546.7131446843892 461.3807662241465 0.0 
444.00032695306163 1662.0 526.8223762494055 441.4585630325618 0.0 
445.001067178438 1662.0 526.8223762494055 441.4585630325618 0.0 
446.001067178438 1662.0 526.8223762494055 441.4585630325618 0.0 
447.001067178438 1662.0 526.8223762494055 441.4585630325618 0.0 
448.000113751304 1662.0 506.9316174261982 421.590169578171 0.0 
449.001067178438 1662.0 506.9316174261982 421.590169578171 0.0 
450.0004173742803 1662.0 506.9316174261982 421.590169578171 0.0 
451.001067178438 1662.0 506.9316174261982 421.590169578171 0.0 
452.001067178438 1662.0 486.982274416445 401.66801703072514 0.0 
453.001067178438 1662.0 486.982274416445 401.66801703072514 0.0 
454.00032695306163 1662.0 486.982274416445 401.66801703072514 0.0 
455.001067178438 1662.0 486.982274416445 401.66801703072514 0.0 
456.001067178438 1662.0 467.018094303741 381.79967625808854 0.0 
457.001067178438 1662.0 467.018094303741 381.79967625808854 0.0 
458.000113751304 1662.0 467.018094303741 381.79967625808854 0.0 
459.001067178438 1662.0 467.018094303741 381.79967625808854 0.0 
460.0004173742803 1662.0 447.05392338898884 361.8775741624701 0.0 
461.001067178438 1662.0 447.05392338898884 361.8775741624701 0.0 
462.001067178438 1662.0 447.05392338898884 361.8775741624701 0.0 
463.001067178438 1662.0 447.05392338898884 361.8775741624701 0.0 
464.00032695306163 1662.0 427.0897616734729 342.00928638328406 0.0 
465.001067178438 1662.0 427.0897616734729 342.00928638328406 0.0 
466.001067178438 1662.0 427.0897616734729 342.00928638328406 0.0 
467.001067178438 1662.0 427.0897616734729 342.00928638328406 0.0 
468.000113751304 1662.0 407.19904610927074 322.08723448350554 0.0 
469.001067178438 1662.0 407.19904610927074 322.08723448350554 0.0 
470.0004173742803 1662.0 407.19904610927074 322.08723448350554 0.0 
471.001067178438 1662.0 407.19904610927074 322.08723448350554 0.0 
472.001067178438 1662.0 387.2349028471471 302.21900013787285 0.0 
473.001067178438 1662.0 387.2349028471471 302.21900013787285 0.0 
474.00032695306163 1662.0 387.2349028471471 302.21900013787285 0.0 
475.001067178438 1662.0 387.2349028471471 302.21900013787285 0.0 
476.001067178438 1662.0 367.3442061193058 282.29699808188457 0.0 
477.001067178438 1662.0 367.3442061193058 282.29699808188457 0.0 
478.000113751304 1662.0 367.3442061193058 282.29699808188457 0.0 
479.001067178438 1662.0 367.3442061193058 282.29699808188457 0.0 
480.0004173742803 1662.0 347.453519050362 262.37502851205386 0.0 
481.001067178438 1662.0 347.453519050362 262.37502851205386 0.0 
482.001067178438 1662.0 347.453519050362 262.37502851205386 0.0 
483.001067178438 1662.0 347.453519050362 262.37502851205386 0.0 
484.00032695306163 1662.0 327.5628417316018 242.50686510276785 0.0 
485.001067178438 1662.0 327.5628417316018 242.50686510276785 0.0 
486.001067178438 1662.0 327.5628417316018 242.50686510276785 0.0 
487.001067178438 1662.0 327.5628417316018 242.50686510276785 0.0 
488.000113751304 1662.0 307.6721742789696 222.5849456560935 0.0 
489.001067178438 1662.0 307.6721742789696 222.5849456560935 0.0 
490.0004173742803 1662.0 307.6721742789696 222.5849456560935 0.0 
491.001067178438 1662.0 307.6721742789696 222.5849456560935 0.0 
492.001067178438 1662.0 287.79636340066605 202.71683580527647 0.0 
493.001067178438 1662.0 287.79636340066605 202.71683580527647 0.0 
494.00032695306163 1662.0 287.79636340066605 202.71683580527647 0.0 
495.001067178438 1662.0 287.79636340066605 202.71683580527647 0.0 
496.001067178438 1662.0 267.9057104087682 182.7949659127675 0.0 
497.001067178438 1662.0 267.9057104087682 182.7949659127675 0.0 
498.000113751304 1662.0 267.9057104087682 182.7949659127675 0.0 
499.001067178438 1662.0 267.9057104087682 182.7949659127675 0.0 
500.0004173742803 1662.0 248.01506698151658 162.92691070205595 0.0 
501.001067178438 1662.0 248.01506698151658 162.92691070205595 0.0 
502.001067178438 1662.0 248.01506698151658 162.92691070205595 0.0 
503.001067178438 1662.0 248.01506698151658 162.92691070205595 0.0 
504.00032695306163 1662.0 228.05099675949748 143.00508939106953 0.0 
505.001067178438 1662.0 228.05099675949748 143.00508939106953 0.0 
506.001067178438 1662.0 228.05099675949748 143.00508939106953 0.0 
507.001067178438 1662.0 228.05099675949748 143.00508939106953 0.0 
508.000113751304 1662.0 208.08693573738492 123.13709096706978 0.0 
509.001067178438 1662.0 208.08693573738492 123.13709096706978 0.0 
510.0004173742803 1662.0 208.08693573738492 123.13709096706978 0.0 
511.001067178438 1662.0 208.08693573738492 123.13709096706978 0.0 
512.001067178438 1662.0 188.12288391734228 103.2153163666661 0.0 
513.001067178438 1662.0 188.12288391734228 103.2153163666661 0.0 
514.0003269530616 1662.0 188.12288391734228 103.2153163666661 0.0 
515.001067178438 1662.0 188.12288391734228 103.2153163666661 0.0 
516.001067178438 1662.0 168.1588413046672 83.29358619165342 0.0 
517.001067178438 1662.0 168.1588413046672 83.29358619165342 0.0 
518.0001137513041 1662.0 168.1588413046672 83.29358619165342 0.0 
519.001067178438 1662.0 168.1588413046672 83.29358619165342 0.0 
520.0004173742802 1662.0 148.26824482340362 63.425647809169256 0.0 
521.001067178438 1662.0 148.26824482340362 63.425647809169256 0.0 
522.001067178438 1662.0 148.26824482340362 63.425647809169256 0.0 
523.001067178438 1662.0 148.26824482340362 63.425647809169256 0.0 
524.0003269530616 1662.0 128.30422086581694 43.50396856754811 0.0 
525.001067178438 1662.0 128.30422086581694 43.50396856754811 0.0 
526.001067178438 1662.0 128.30422086581694 43.50396856754811 0.0 
527.001067178438 1662.0 128.30422086581694 43.50396856754811 0.0 
528.0001137513041 1662.0 108.41364457353757 23.636091208273925 0.0 
529.001067178438 1662.0 108.41364457353757 23.636091208273925 0.0 
530.0004173742802 1662.0 108.41364457353757 23.636091208273925 0.0 
531.001067178438 1662.0 108.41364457353757 23.636091208273925 0.0 
532.001067178438 1662.0 88.5379549524313 3.714496626361266 0.0 
533.001067178438 1662.0 88.5379549524313 3.714496626361266 0.0 
534.0003269530616 1662.0 88.5379549524313 3.714496626361266 0.0 
535.001067178438 1662.0 88.5379549524313 3.714496626361266 0.0 
536.001067178438 1662.0 68.64739143682341 0.0 0.0 
537.001067178438 1661.0 68.64739143682341 0.0 0.0 
538.0001137513041 1661.0 68.64739143682341 0.0 0.0 
539.001067178438 1661.0 68.64739143682341 0.0 0.0 
540.0004173742802 1661.0 48.75683756005206 0.0 0.0 
541.001067178438 1661.0 48.75683756005206 0.0 0.0 
542.001067178438 1661.0 48.75683756005206 0.0 0.0 
543.001067178438 1661.0 48.75683756005206 0.0 0.0 
544.0003269530616 1661.0 28.866294324230697 0.0 0.0 
545.001067178438 1661.0 28.866294324230697 0.0 0.0 
546.001067178438 1661.0 28.866294324230697 0.0 0.0 
547.001067178438 1661.0 28.866294324230697 0.0 0.0 
548.0001137513041 1661.0 8.975771614051283 0.0 0.0 
549.001067178438 1661.0 8.975771614051283 0.0 0.0 
550.0004173742802 1661.0 8.975771614051283 0.0 0.0 
551.001067178438 1661.0 8.975771614051283 0.0 0.0 
552.001067178438 1661.0 0.0 0.0 0.0 
553.001067178438 1660.0 0.0 0.0 0.0 
554.0003269530616 1660.0 0.0 0.0 0.0 
555.001067178438 1660.0 0.0 0.0 0.0 
556.001067178438 1660.0 0.0 0.0 0.0 
557.001067178438 1660.0 0.0 0.0 0.0 
558.0001137513041 1660.0 0.0 0.0 0.0 
559.001067178438 1660.0 0.0 0.0 0.0 
560.0004173742802 1660.0 0.0 0.0 0.0 
561.001067178438 1660.0 0.0 0.0 0.0 
562.001067178438 1660.0 0.0 0.0 0.0 
563.001067178438 1660.0 0.0 0.0 0.0 
564.0003269530616 1660.0 0.0 0.0 0.0 
565.001067178438 1660.0 0.0 0.0 0.0 
566.001067178438 1660.0 0.0 0.0 0.0 
567.001067178438 1660.0 0.0 0.0 0.0 
568.0001137513041 1660.0 0.0 0.0 0.0 
569.001067178438 1660.0 0.0 0.0 0.0 
570.0004173742802 1660.0 0.0 0.0 0.0 
571.001067178438 1660.0 0.0 0.0 0.0 
572.001067178438 1660.0 0.0 0.0 0.0 
573.001067178438 1660.0 0.0 0.0 0.0 
574.0003269530616 1660.0 0.0 0.0 0.0 
575.001067178438 1660.0 0.0 0.0 0.0 
576.001067178438 1660.0 0.0 0.0 0.0 
577.001067178438 1660.0 0.0 0.0 0.0 
578.0001137513041 1660.0 0.0 0.0 0.0 
579.001067178438 1660.0 0.0 0.0 0.0 
580.0004173742802 1660.0 0.0 0.0 0.0 
581.001067178438 1660.0 0.0 0.0 0.0 
582.001067178438 1660.0 0.0 0.0 0.0 
583.001067178438 1660.0 0.0 0.0 0.0 
584.0003269530616 1660.0 0.0 0.0 0.0 
585.001067178438 1660.0 0.0 0.0 0.0 
586.001067178438 1660.0 0.0 0.0 0.0 
587.001067178438 1660.0 0.0 0.0 0.0 
588.0001137513041 1660.0 0.0 0.0 0.0 
589.001067178438 1660.0 0.0 0.0 0.0 
590.0004173742802 1660.0 0.0 0.0 0.0 
591.001067178438 1660.0 0.0 0.0 0.0 
592.001067178438 1660.0 0.0 0.0 0.0 
593.001067178438 1660.0 0.0 0.0 0.0 
594.0003269530616 1660.0 0.0 0.0 0.0 
595.001067178438 1660.0 0.0 0.0 0.0 
596.001067178438 1660.0 0.0 0.0 0.0 
597.001067178438 1660.0 0.0 0.0 0.0 
598.0001137513041 1660.0 0.0 0.0 0.0 
599.001067178438 1660.0 0.0 0.0 0.0 
600.0004173742802 1660.0 0.0 0.0 0.0 
601.001067178438 1660.0 0.0 0.0 0.0 
602.001067178438 1660.0 0.0 0.0 0.0 
603.001067178438 1660.0 0.0 0.0 0.0 
604.0003269530616 1660.0 0.0 0.0 0.0 
605.001067178438 1660.0 0.0 0.0 0.0 
606.001067178438 1660.0 0.0 0.0 0.0 
607.001067178438 1660.0 0.0 0.0 0.0 
608.0001137513041 1660.0 0.0 0.0 0.0 
609.001067178438 1660.0 0.0 0.0 0.0 
610.0004173742802 1660.0 0.0 0.0 0.0 
611.001067178438 1660.0 0.0 0.0 0.0 
612.001067178438 1660.0 0.0 0.0 0.0 
613.001067178438 1660.0 0.0 0.0 0.0 
614.0003269530616 1660.0 0.0 0.0 0.0 
615.001067178438 1660.0 0.0 0.0 0.0 
616.001067178438 1660.0 0.0 0.0 0.0 
617.001067178438 1660.0 0.0 0.0 0.0 
618.0001137513041 1660.0 0.0 0.0 0.0 
619.001067178438 1660.0 0.0 0.0 0.0 
620.0004173742802 1660.0 0.0 0.0 0.0 
621.001067178438 1660.0 0.0 0.0 0.0 
622.001067178438 1660.0 0.0 0.0 0.0 
623.001067178438 1660.0 0.0 0.0 0.0 
624.0003269530616 1660.0 0.0 0.0 0.0 
625.001067178438 1660.0 0.0 0.0 0.0 
626.001067178438 1660.0 0.0 0.0 0.0 
627.001067178438 1660.0 0.0 0.0 0.0 
628.0001137513041 1660.0 0.0 0.0 0.0 
629.001067178438 1660.0 0.0 0.0 0.0 
630.0004173742802 1660.0 0.0 0.0 0.0 
631.001067178438 1660.0 0.0 0.0 0.0 
632.001067178438 1660.0 0.0 0.0 0.0 
633.001067178438 1660.0 0.0 0.0 0.0 
634.0003269530616 1660.0 0.0 0.0 0.0 
635.001067178438 1660.0 0.0 0.0 0.0 
636.001067178438 1660.0 0.0 0.0 0.0 
637.001067178438 1660.0 0.0 0.0 0.0 
638.0001137513041 1660.0 0.0 0.0 0.0 
639.001067178438 1660.0 0.0 0.0 0.0 
640.0004173742802 1660.0 0.0 0.0 0.0 
641.001067178438 1660.0 0.0 0.0 0.0 
642.001067178438 1660.0 0.0 0.0 0.0 
643.001067178438 1660.0 0.0 0.0 0.0 
644.0003269530616 1660.0 0.0 0.0 0.0 
645.001067178438 1660.0 0.0 0.0 0.0 
646.001067178438 1660.0 0.0 0.0 0.0 
647.001067178438 1660.0 0.0 0.0 0.0 
648.0001137513041 1660.0 0.0 0.0 0.0 
649.001067178438 1660.0 0.0 0.0 0.0 
650.0004173742802 1660.0 0.0 0.0 0.0 
651.001067178438 1660.0 0.0 0.0 0.0 
652.001067178438 1660.0 0.0 0.0 0.0 
653.001067178438 1660.0 0.0 0.0 0.0 
654.0003269530616 1660.0 0.0 0.0 0.0 
655.001067178438 1660.0 0.0 0.0 0.0 
656.001067178438 1660.0 0.0 0.0 0.0 
657.001067178438 1660.0 0.0 0.0 0.0 
658.0001137513041 1660.0 0.0 0.0 0.0 
659.001067178438 1660.0 0.0 0.0 0.0 
660.0004173742802 1660.0 0.0 0.0 0.0 
661.001067178438 1660.0 0.0 0.0 0.0 
662.001067178438 1660.0 0.0 0.0 0.0 
663.001067178438 1660.0 0.0 0.0 0.0 
664.0003269530616 1660.0 0.0 0.0 0.0 
665.001067178438 1660.0 0.0 0.0 0.0 
666.001067178438 1660.0 0.0 0.0 0.0 
667.001067178438 1660.0 0.0 0.0 0.0 
668.0001137513041 1660.0 0.0 0.0 0.0 
669.001067178438 1660.0 0.0 0.0 0.0 
670.0004173742802 1660.0 0.0 0.0 0.0 
671.001067178438 1660.0 0.0 0.0 0.0 
672.001067178438 1660.0 0.0 0.0 0.0 
673.001067178438 1660.0 0.0 0.0 0.0 
674.0003269530616 1660.0 0.0 0.0 0.0 
675.001067178438 1660.0 0.0 0.0 0.0 
676.001067178438 1660.0 0.0 0.0 0.0 
677.001067178438 1660.0 0.0 0.0 0.0 
678.0001137513041 1660.0 0.0 0.0 0.0 
679.001067178438 1660.0 0.0 0.0 0.0 
680.0004173742802 1660.0 0.0 0.0 0.0 
681.001067178438 1660.0 0.0 0.0 0.0 
682.001067178438 1660.0 0.0 0.0 0.0 
683.001067178438 1660.0 0.0 0.0 0.0 
684.0003269530616 1660.0 0.0 0.0 0.0 
685.001067178438 1660.0 0.0 0.0 0.0 
686.001067178438 1660.0 0.0 0.0 0.0 
687.001067178438 1660.0 0.0 0.0 0.0 
688.0001137513041 1660.0 0.0 0.0 0.0 
689.001067178438 1660.0 0.0 0.0 0.0 
690.0004173742802 1660.0 0.0 0.0 0.0 
691.001067178438 1660.0 0.0 0.0 0.0 
692.001067178438 1660.0 0.0 0.0 0.0 
693.001067178438 1660.0 0.0 0.0 0.0 
694.0003269530616 1660.0 0.0 0.0 0.0 
695.001067178438 1660.0 0.0 0.0 0.0 
696.001067178438 1660.0 0.0 0.0 0.0 
697.001067178438 1660.0 0.0 0.0 0.0 
698.0001137513041 1660.0 0.0 0.0 0.0 
699.001067178438 1660.0 0.0 0.0 0.0 
700.0004173742802 1660.0 0.0 0.0 0.0 
701.001067178438 1660.0 0.0 0.0 0.0 
702.001067178438 1660.0 0.0 0.0 0.0 
703.001067178438 1660.0 0.0 0.0 0.0 
704.0003269530616 1660.0 0.0 0.0 0.0 
705.001067178438 1660.0 0.0 0.0 0.0 
706.001067178438 1660.0 0.0 0.0 0.0 
707.001067178438 1660.0 0.0 0.0 0.0 
708.0001137513041 1660.0 0.0 0.0 0.0 
709.001067178438 1660.0 0.0 0.0 0.0 
710.0004173742802 1660.0 0.0 0.0 0.0 
711.001067178438 1660.0 0.0 0.0 0.0 
712.001067178438 1660.0 0.0 0.0 0.0 
713.001067178438 1660.0 0.0 0.0 0.0 
714.0003269530616 1660.0 0.0 0.0 0.0 
715.001067178438 1660.0 0.0 0.0 0.0 
716.001067178438 1660.0 0.0 0.0 0.0 
717.001067178438 1660.0 0.0 0.0 0.0 
718.0001137513041 1660.0 0.0 0.0 0.0 
719.001067178438 1660.0 0.0 0.0 0.0 
720.0004173742802 1660.0 0.0 0.0 0.0 
721.001067178438 1660.0 0.0 0.0 0.0 
722.001067178438 1660.0 0.0 0.0 0.0 
723.001067178438 1660.0 0.0 0.0 0.0 
724.0003269530616 1660.0 0.0 0.0 0.0 
725.001067178438 1660.0 0.0 0.0 0.0 
726.001067178438 1660.0 0.0 0.0 0.0 
727.001067178438 1660.0 0.0 0.0 0.0 
728.0001137513041 1660.0 0.0 0.0 0.0 
729.001067178438 1660.0 0.0 0.0 0.0 
730.0004173742802 1660.0 0.0 0.0 0.0 
731.001067178438 1660.0 0.0 0.0 0.0 
732.001067178438 1660.0 0.0 0.0 0.0 
733.001067178438 1660.0 0.0 0.0 0.0 
734.0003269530616 1660.0 0.0 0.0 0.0 
735.001067178438 1660.0 0.0 0.0 0.0 
736.001067178438 1660.0 0.0 0.0 0.0 
737.001067178438 1660.0 0.0 0.0 0.0 
738.0001137513041 1660.0 0.0 0.0 0.0 
739.001067178438 1660.0 0.0 0.0 0.0 
740.0004173742802 1660.0 0.0 0.0 0.0 
741.001067178438 1660.0 0.0 0.0 0.0 
742.001067178438 1660.0 0.0 0.0 0.0 
743.001067178438 1660.0 0.0 0.0 0.0 
744.0003269530616 1660.0 0.0 0.0 0.0 
745.001067178438 1660.0 0.0 0.0 0.0 
746.001067178438 1660.0 0.0 0.0 0.0 
747.001067178438 1660.0 0.0 0.0 0.0 
748.0001137513041 1660.0 0.0 0.0 0.0 
749.001067178438 1660.0 0.0 0.0 0.0 
750.0004173742802 1660.0 0.0 0.0 0.0 
751.001067178438 1660.0 0.0 0.0 0.0 
752.001067178438 1660.0 0.0 0.0 0.0 
753.001067178438 1660.0 0.0 0.0 0.0 
754.0003269530616 1660.0 0.0 0.0 0.0 
755.001067178438 1660.0 0.0 0.0 0.0 
756.001067178438 1660.0 0.0 0.0 0.0 
757.001067178438 1660.0 0.0 0.0 0.0 
758.0001137513041 1660.0 0.0 0.0 0.0 
759.001067178438 1660.0 0.0 0.0 0.0 
760.0004173742802 1660.0 0.0 0.0 0.0 
761.001067178438 1660.0 0.0 0.0 0.0 
762.001067178438 1660.0 0.0 0.0 0.0 
763.001067178438 1660.0 0.0 0.0 0.0 
764.0003269530616 1660.0 0.0 0.0 0.0 
765.001067178438 1660.0 0.0 0.0 0.0 
766.001067178438 1660.0 0.0 0.0 0.0 
767.001067178438 1660.0 0.0 0.0 0.0 
768.0001137513041 1660.0 0.0 0.0 0.0 
769.001067178438 1660.0 0.0 0.0 0.0 
770.0004173742802 1660.0 0.0 0.0 0.0 
771.001067178438 1660.0 0.0 0.0 0.0 
772.001067178438 1660.0 0.0 0.0 0.0 
773.001067178438 1660.0 0.0 0.0 0.0 
774.0003269530616 1660.0 0.0 0.0 0.0 
775.001067178438 1660.0 0.0 0.0 0.0 
776.001067178438 1660.0 0.0 0.0 0.0 
777.001067178438 1660.0 0.0 0.0 0.0 
778.0001137513041 1660.0 0.0 0.0 0.0 
779.001067178438 1660.0 0.0 0.0 0.0 
780.0004173742802 1660.0 0.0 0.0 0.0 
781.001067178438 1660.0 0.0 0.0 0.0 
782.001067178438 1660.0 0.0 0.0 0.0 
783.001067178438 1660.0 0.0 0.0 0.0 
784.0003269530616 1660.0 0.0 0.0 0.0 
785.001067178438 1660.0 0.0 0.0 0.0 
786.001067178438 1660.0 0.0 0.0 0.0 
787.001067178438 1660.0 0.0 0.0 0.0 
788.0001137513041 1660.0 0.0 0.0 0.0 
789.001067178438 1660.0 0.0 0.0 0.0 
790.0004173742802 1660.0 0.0 0.0 0.0 
791.001067178438 1660.0 0.0 0.0 0.0 
792.001067178438 1660.0 0.0 0.0 0.0 
793.001067178438 1660.0 0.0 0.0 0.0 
794.0003269530616 1660.0 0.0 0.0 0.0 
795.001067178438 1660.0 0.0 0.0 0.0 
796.001067178438 1660.0 0.0 0.0 0.0 
797.001067178438 1660.0 0.0 0.0 0.0 
798.0001137513041 1660.0 0.0 0.0 0.0 
799.001067178438 1660.0 0.0 0.0 0.0 
800.0004173742802 1660.0 0.0 0.0 0.0 
801.001067178438 1660.0 0.0 0.0 0.0 
802.001067178438 1660.0 0.0 0.0 0.0 
803.001067178438 1660.0 0.0 0.0 0.0 
804.0003269530616 1660.0 0.0 0.0 0.0 
805.001067178438 1660.0 0.0 0.0 0.0 
806.001067178438 1660.0 0.0 0.0 0.0 
807.001067178438 1660.0 0.0 0.0 0.0 
808.0001137513041 1660.0 0.0 0.0 0.0 
809.001067178438 1660.0 0.0 0.0 0.0 
810.0004173742802 1660.0 0.0 0.0 0.0 
811.001067178438 1660.0 0.0 0.0 0.0 
812.001067178438 1660.0 0.0 0.0 0.0 
813.001067178438 1660.0 0.0 0.0 0.0 
814.0003269530616 1660.0 0.0 0.0 0.0 
815.001067178438 1660.0 0.0 0.0 0.0 
816.001067178438 1660.0 0.0 0.0 0.0 
817.001067178438 1660.0 0.0 0.0 0.0 
818.0001137513041 1660.0 0.0 0.0 0.0 
819.001067178438 1660.0 0.0 0.0 0.0 
820.0004173742802 1660.0 0.0 0.0 0.0 
821.001067178438 1660.0 0.0 0.0 0.0 
822.001067178438 1660.0 0.0 0.0 0.0 
823.001067178438 1660.0 0.0 0.0 0.0 
824.0003269530616 1660.0 0.0 0.0 0.0 
825.001067178438 1660.0 0.0 0.0 0.0 
826.001067178438 1660.0 0.0 0.0 0.0 
827.001067178438 1660.0 0.0 0.0 0.0 
828.0001137513041 1660.0 0.0 0.0 0.0 
829.001067178438 1660.0 0.0 0.0 0.0 
830.0004173742802 1660.0 0.0 0.0 0.0 
831.001067178438 1660.0 0.0 0.0 0.0 
832.001067178438 1660.0 0.0 0.0 0.0 
833.001067178438 1660.0 0.0 0.0 0.0 
834.0003269530616 1660.0 0.0 0.0 0.0 
835.001067178438 1660.0 0.0 0.0 0.0 
836.001067178438 1660.0 0.0 0.0 0.0 
837.001067178438 1660.0 0.0 0.0 0.0 
838.0001137513041 1660.0 0.0 0.0 0.0 
839.001067178438 1660.0 0.0 0.0 0.0 
840.0004173742802 1660.0 0.0 0.0 0.0 
841.001067178438 1660.0 0.0 0.0 0.0 
842.001067178438 1660.0 0.0 0.0 0.0 
843.001067178438 1660.0 0.0 0.0 0.0 
844.0003269530616 1660.0 0.0 0.0 0.0 
845.001067178438 1660.0 0.0 0.0 0.0 
846.001067178438 1660.0 0.0 0.0 0.0 
847.001067178438 1660.0 0.0 0.0 0.0 
848.0001137513041 1660.0 0.0 0.0 0.0 
849.001067178438 1660.0 0.0 0.0 0.0 
850.0004173742802 1660.0 0.0 0.0 0.0 
851.001067178438 1660.0 0.0 0.0 0.0 
852.001067178438 1660.0 0.0 0.0 0.0 
853.001067178438 1660.0 0.0 0.0 0.0 
854.0003269530616 1660.0 0.0 0.0 0.0 
855.001067178438 1660.0 0.0 0.0 0.0 
856.001067178438 1660.0 0.0 0.0 0.0 
857.001067178438 1660.0 0.0 0.0 0.0 
858.0001137513041 1660.0 0.0 0.0 0.0 
859.001067178438 1660.0 0.0 0.0 0.0 
860.0004173742802 1660.0 0.0 0.0 0.0 
861.001067178438 1660.0 0.0 0.0 0.0 
862.001067178438 1660.0 0.0 0.0 0.0 
863.001067178438 1660.0 0.0 0.0 0.0 
864.0003269530616 1660.0 0.0 0.0 0.0 
865.001067178438 1660.0 0.0 0.0 0.0 
866.001067178438 1660.0 0.0 0.0 0.0 
867.001067178438 1660.0 0.0 0.0 0.0 
868.0001137513041 1660.0 0.0 0.0 0.0 
869.001067178438 1660.0 0.0 0.0 0.0 
870.0004173742802 1660.0 0.0 0.0 0.0 
871.001067178438 1660.0 0.0 0.0 0.0 
872.001067178438 1660.0 0.0 0.0 0.0 
873.001067178438 1660.0 0.0 0.0 0.0 
874.0003269530616 1660.0 0.0 0.0 0.0 
875.001067178438 1660.0 0.0 0.0 0.0 
876.001067178438 1660.0 0.0 0.0 0.0 
877.001067178438 1660.0 0.0 0.0 0.0 
878.0001137513041 1660.0 0.0 0.0 0.0 
879.001067178438 1660.0 0.0 0.0 0.0 
880.0004173742802 1660.0 0.0 0.0 0.0 
881.001067178438 1660.0 0.0 0.0 0.0 
882.001067178438 1660.0 0.0 0.0 0.0 
883.001067178438 1660.0 0.0 0.0 0.0 
884.0003269530616 1660.0 0.0 0.0 0.0 
885.001067178438 1660.0 0.0 0.0 0.0 
886.001067178438 1660.0 0.0 0.0 0.0 
887.001067178438 1660.0 0.0 0.0 0.0 
888.0001137513041 1660.0 0.0 0.0 0.0 
889.001067178438 1660.0 0.0 0.0 0.0 
890.0004173742802 1660.0 0.0 0.0 0.0 
891.001067178438 1660.0 0.0 0.0 0.0 
892.001067178438 1660.0 0.0 0.0 0.0 
893.001067178438 1660.0 0.0 0.0 0.0 
894.0003269530616 1660.0 0.0 0.0 0.0 
895.001067178438 1660.0 0.0 0.0 0.0 
896.001067178438 1660.0 0.0 0.0 0.0 
897.001067178438 1660.0 0.0 0.0 0.0 
898.0001137513041 1660.0 0.0 0.0 0.0 
899.001067178438 1660.0 0.0 0.0 0.0 
900.0004173742802 1660.0 0.0 0.0 0.0 
901.001067178438 1660.0 0.0 0.0 0.0 
902.001067178438 1660.0 0.0 0.0 0.0 
903.001067178438 1660.0 0.0 0.0 0.0 
904.0003269530616 1660.0 0.0 0.0 0.0 
905.001067178438 1660.0 0.0 0.0 0.0 
906.001067178438 1660.0 0.0 0.0 0.0 
907.001067178438 1660.0 0.0 0.0 0.0 
908.0001137513041 1660.0 0.0 0.0 0.0 
909.001067178438 1660.0 0.0 0.0 0.0 
910.0004173742802 1660.0 0.0 0.0 0.0 
911.001067178438 1660.0 0.0 0.0 0.0 
912.001067178438 1660.0 0.0 0.0 0.0 
913.001067178438 1660.0 0.0 0.0 0.0 
914.0003269530616 1660.0 0.0 0.0 0.0 
915.001067178438 1660.0 0.0 0.0 0.0 
916.001067178438 1660.0 0.0 0.0 0.0 
917.001067178438 1660.0 0.0 0.0 0.0 
918.0001137513041 1660.0 0.0 0.0 0.0 
919.001067178438 1660.0 0.0 0.0 0.0 
920.0004173742802 1660.0 0.0 0.0 0.0 
921.001067178438 1660.0 0.0 0.0 0.0 
922.001067178438 1660.0 0.0 0.0 0.0 
923.001067178438 1660.0 0.0 0.0 0.0 
924.0003269530616 1660.0 0.0 0.0 0.0 
925.001067178438 1660.0 0.0 0.0 0.0 
926.001067178438 1660.0 0.0 0.0 0.0 
927.001067178438 1660.0 0.0 0.0 0.0 
928.0001137513041 1660.0 0.0 0.0 0.0 
929.001067178438 1660.0 0.0 0.0 0.0 
930.0004173742802 1660.0 0.0 0.0 0.0 
931.001067178438 1660.0 0.0 0.0 0.0 
932.001067178438 1660.0 0.0 0.0 0.0 
933.001067178438 1660.0 0.0 0.0 0.0 
934.0003269530616 1660.0 0.0 0.0 0.0 
935.001067178438 1660.0 0.0 0.0 0.0 
936.001067178438 1660.0 0.0 0.0 0.0 
937.001067178438 1660.0 0.0 0.0 0.0 
938.0001137513041 1660.0 0.0 0.0 0.0 
939.001067178438 1660.0 0.0 0.0 0.0 
940.0004173742802 1660.0 0.0 0.0 0.0 
941.001067178438 1660.0 0.0 0.0 0.0 
942.001067178438 1660.0 0.0 0.0 0.0 
943.001067178438 1660.0 0.0 0.0 0.0 
944.0003269530616 1660.0 0.0 0.0 0.0 
945.001067178438 1660.0 0.0 0.0 0.0 
946.001067178438 1660.0 0.0 0.0 0.0 
947.001067178438 1660.0 0.0 0.0 0.0 
948.0001137513041 1660.0 0.0 0.0 0.0 
949.001067178438 1660.0 0.0 0.0 0.0 
950.0004173742802 1660.0 0.0 0.0 0.0 
951.001067178438 1660.0 0.0 0.0 0.0 
952.001067178438 1660.0 0.0 0.0 0.0 
953.001067178438 1660.0 0.0 0.0 0.0 
954.0003269530616 1660.0 0.0 0.0 0.0 
955.001067178438 1660.0 0.0 0.0 0.0 
956.001067178438 1660.0 0.0 0.0 0.0 
957.001067178438 1660.0 0.0 0.0 0.0 
958.0001137513041 1660.0 0.0 0.0 0.0 
959.001067178438 1660.0 0.0 0.0 0.0 
960.0004173742802 1660.0 0.0 0.0 0.0 
961.001067178438 1660.0 0.0 0.0 0.0 
962.001067178438 1660.0 0.0 0.0 0.0 
963.001067178438 1660.0 0.0 0.0 0.0 
964.0003269530616 1660.0 0.0 0.0 0.0 
965.001067178438 1660.0 0.0 0.0 0.0 
966.001067178438 1660.0 0.0 0.0 0.0 
967.001067178438 1660.0 0.0 0.0 0.0 
968.0001137513041 1660.0 0.0 0.0 0.0 
969.001067178438 1660.0 0.0 0.0 0.0 
970.0004173742802 1660.0 0.0 0.0 0.0 
971.001067178438 1660.0 0.0 0.0 0.0 
972.001067178438 1660.0 0.0 0.0 0.0 
973.001067178438 1660.0 0.0 0.0 0.0 
974.0003269530616 1660.0 0.0 0.0 0.0 
975.001067178438 1660.0 0.0 0.0 0.0 
976.001067178438 1660.0 0.0 0.0 0.0 
977.001067178438 1660.0 0.0 0.0 0.0 
978.0001137513041 1660.0 0.0 0.0 0.0 
979.001067178438 1660.0 0.0 0.0 0.0 
980.0004173742802 1660.0 0.0 0.0 0.0 
981.001067178438 1660.0 0.0 0.0 0.0 
982.001067178438 1660.0 0.0 0.0 0.0 
983.001067178438 1660.0 0.0 0.0 0.0 
984.0003269530616 1660.0 0.0 0.0 0.0 
985.001067178438 1660.0 0.0 0.0 0.0 
986.001067178438 1660.0 0.0 0.0 0.0 
987.001067178438 1660.0 0.0 0.0 0.0 
988.0001137513041 1660.0 0.0 0.0 0.0 
989.001067178438 1660.0 0.0 0.0 0.0 
990.0004173742802 1660.0 0.0 0.0 0.0 
991.001067178438 1660.0 0.0 0.0 0.0 
992.001067178438 1660.0 0.0 0.0 0.0 
993.001067178438 1660.0 0.0 0.0 0.0 
994.0003269530616 1660.0 0.0 0.0 0.0 
995.001067178438 1660.0 0.0 0.0 0.0 
996.001067178438 1660.0 0.0 0.0 0.0 
997.001067178438 1660.0 0.0 0.0 0.0 
998.0001137513041 1660.0 0.0 0.0 0.0 
999.001067178438 1660.0 0.0 0.0 0.0 
1000.0004173742802 1660.0 0.0 0.0 0.0 
#####################################################################
# End of data export. Simulation finished at: 2021-05-05T13:42+0000 #
#####################################################################
